codon	young_site	young_upstr	old_site	old_upstr
AAA	5913.0	4984.0	5311.0	4488.0
AAC	4577.0	4430.0	4119.0	4004.0
AAG	6488.0	4521.0	5769.0	3976.0
AAT	4429.0	4041.0	4049.0	3682.0
ACA	2359.0	2298.0	2079.0	2107.0
ACC	2681.0	2476.0	2441.0	2181.0
ACG	1136.0	1797.0	1093.0	1642.0
ACT	3931.0	3526.0	3485.0	3177.0
AGA	4112.0	2998.0	3716.0	2648.0
AGC	1287.0	1524.0	1201.0	1511.0
AGG	1253.0	2006.0	1217.0	1851.0
AGT	1800.0	2290.0	1605.0	2025.0
ATA	1621.0	2020.0	1547.0	1926.0
ATC	3517.0	3198.0	3116.0	2806.0
ATG	2898.0	2156.0	2592.0	1885.0
ATT	5224.0	4543.0	4684.0	3988.0
CAA	5143.0	4141.0	4556.0	3585.0
CAC	1447.0	1624.0	1336.0	1470.0
CAG	2106.0	3346.0	1947.0	3128.0
CAT	1976.0	2145.0	1859.0	1937.0
CCA	3844.0	3068.0	3575.0	2717.0
CCC	1233.0	2405.0	1233.0	2303.0
CCG	845.0	1742.0	809.0	1711.0
CCT	2591.0	3622.0	2360.0	3336.0
CGA	304.0	785.0	320.0	841.0
CGC	502.0	1077.0	450.0	1024.0
CGG	138.0	211.0	128.0	191.0
CGT	1264.0	1191.0	1115.0	1037.0
CTA	2130.0	2549.0	1913.0	2352.0
CTC	728.0	1380.0	682.0	1356.0
CTG	1762.0	3117.0	1597.0	2869.0
CTT	1877.0	3399.0	1715.0	3257.0
GAA	8438.0	5771.0	7396.0	4967.0
GAC	3920.0	3312.0	3643.0	2966.0
GAG	3167.0	4234.0	2893.0	3874.0
GAT	5898.0	4804.0	5212.0	4287.0
GCA	2488.0	2400.0	2280.0	2204.0
GCC	3245.0	3322.0	2920.0	2974.0
GCG	1348.0	2597.0	1250.0	2474.0
GCT	5425.0	5006.0	4750.0	4419.0
GGA	1301.0	1518.0	1202.0	1374.0
GGC	1797.0	1454.0	1587.0	1331.0
GGG	924.0	1206.0	835.0	1114.0
GGT	6478.0	5570.0	5800.0	4909.0
GTA	1522.0	2016.0	1371.0	1831.0
GTC	2768.0	2487.0	2429.0	2210.0
GTG	1884.0	2433.0	1687.0	2202.0
GTT	4500.0	3815.0	4064.0	3313.0
TAC	3092.0	3217.0	2716.0	2990.0
TAT	2477.0	2628.0	2306.0	2354.0
TCA	2235.0	2484.0	2103.0	2245.0
TCC	2893.0	3224.0	2573.0	2831.0
TCG	1193.0	1937.0	1164.0	1792.0
TCT	4314.0	3638.0	3840.0	3189.0
TGC	564.0	710.0	499.0	635.0
TGG	1643.0	1416.0	1493.0	1278.0
TGT	1380.0	1737.0	1229.0	1602.0
TTA	3810.0	3305.0	3313.0	2884.0
TTC	3542.0	3664.0	3140.0	3218.0
TTG	5549.0	4510.0	4967.0	3978.0
TTT	3405.0	3291.0	3105.0	2930.0
