collision_young	elongation_young	collision_old	elongation_old	dwelltime_young	dwelltime_old
0.0	12.0	0.0	6.0	0.065196525	0.06513925
0.0	12.0	0.0	6.0	0.15437138333333333	0.5547066333333334
0.0	12.0	0.0	6.0	0.069909725	0.1117701
0.0	12.0	0.0	6.0	0.08282078333333333	0.11048849999999999
0.0	12.0	0.0	6.0	0.10851137499999998	0.05928361666666667
0.0	12.0	0.0	6.0	0.18968275833333334	0.20425498333333333
0.0	12.0	0.0	6.0	0.0341959	0.03699173333333334
0.0	12.0	0.0	6.0	0.07925758333333334	0.14059795
1.0	12.0	0.0	6.0	0.27059864166666675	0.07607143333333333
1.0	13.0	0.0	7.0	1.6277422461538462	1.6940500142857144
0.0	13.0	0.0	7.0	0.09110172307692309	0.08698838571428573
0.0	13.0	0.0	7.0	0.04228765384615384	0.06336377142857143
0.0	13.0	0.0	7.0	0.051359800000000004	0.059134071428571425
0.0	13.0	0.0	7.0	0.34297883076923075	0.1469066285714286
0.0	13.0	0.0	7.0	0.10067026923076924	0.07290297142857143
0.0	13.0	0.0	7.0	0.09282488461538461	0.05487288571428572
1.0	13.0	0.0	7.0	0.42467624615384614	0.40584271428571433
0.0	13.0	0.0	7.0	0.1139694	0.2771263428571429
3.0	13.0	0.0	7.0	0.5799471384615384	0.060406885714285714
1.0	12.0	0.0	7.0	0.17873635833333334	0.13792961428571432
2.0	12.0	0.0	7.0	0.18887666666666666	0.18315344285714286
0.0	12.0	0.0	7.0	0.083961175	0.10471964285714286
5.0	13.0	0.0	7.0	1.4118107538461542	0.24441877142857146
3.0	13.0	0.0	7.0	0.38652819230769225	0.030882099999999996
3.0	14.0	0.0	7.0	0.1860315714285714	0.13310271428571427
4.0	14.0	0.0	7.0	0.5840792714285715	0.2873929142857143
4.0	14.0	0.0	7.0	0.6582944928571429	0.7025888428571427
2.0	14.0	0.0	7.0	0.08552839999999999	0.11399731428571427
4.0	14.0	0.0	7.0	1.0380840357142855	0.18044152857142853
2.0	14.0	0.0	7.0	0.13452775714285717	0.04380038571428572
6.0	14.0	0.0	7.0	0.5271073285714285	0.10009159999999999
3.0	14.0	0.0	7.0	0.08234697142857142	0.054284928571428574
6.0	14.0	0.0	8.0	2.578171428571428	2.5387990625000003
5.0	12.0	1.0	8.0	0.9647330499999999	1.1204015999999999
1.0	13.0	1.0	8.0	0.18244253846153846	0.4650633375
2.0	13.0	1.0	8.0	0.4324565923076923	0.3049188625
5.0	14.0	2.0	8.0	0.32497665000000003	0.6347901125000001
4.0	14.0	2.0	8.0	0.16050758571428572	0.3569288375
6.0	14.0	4.0	8.0	1.5602327642857143	1.412669525
2.0	13.0	1.0	8.0	0.4207807538461538	0.43015923749999996
2.0	13.0	0.0	8.0	1.406567346153846	1.1638792625
0.0	13.0	0.0	8.0	0.06379756153846153	0.0514894375
7.0	13.0	5.0	6.0	2.124738392307692	0.8018951666666666
9.0	11.0	3.0	7.0	1.3884719454545456	4.002505971428572
7.0	11.0	4.0	7.0	0.6872056818181818	0.6140902428571428
7.0	11.0	2.0	7.0	0.6967085272727271	0.5962094285714287
7.0	12.0	4.0	8.0	0.8768115999999999	1.5990842499999998
0.0	13.0	1.0	8.0	0.31046985384615383	0.35491978750000003
0.0	13.0	0.0	9.0	1.5194398846153847	1.2428983333333334
2.0	13.0	0.0	9.0	0.1402997769230769	0.07026218888888888
1.0	13.0	0.0	9.0	0.3157357846153846	0.21717805555555555
1.0	13.0	0.0	9.0	0.45534918461538454	0.32565476666666665
0.0	14.0	0.0	7.0	4.4446876500000005	3.2702725285714287
0.0	12.0	0.0	8.0	3.206556258333334	4.7254138999999995
0.0	12.0	0.0	8.0	0.8377878833333333	0.8728562500000001
0.0	12.0	0.0	8.0	1.3414452083333337	0.9640232
0.0	13.0	0.0	8.0	0.5626678615384615	0.641074975
0.0	13.0	0.0	8.0	0.06596570769230768	0.057294950000000004
0.0	12.0	0.0	8.0	0.12239790833333335	0.09216368750000001
0.0	12.0	0.0	8.0	0.868196775	1.0600910875
0.0	12.0	0.0	8.0	0.07689989166666666	0.0743218875
0.0	12.0	0.0	8.0	0.09122249166666667	0.0657442
0.0	12.0	0.0	8.0	0.14552095833333337	0.1975312625
0.0	12.0	0.0	8.0	0.42240553333333325	0.2875331
0.0	12.0	0.0	9.0	0.086230775	0.13158244444444445
0.0	12.0	0.0	10.0	0.112842775	0.17140218999999998
0.0	12.0	0.0	10.0	0.073982325	0.06759241
0.0	12.0	0.0	10.0	0.32314803333333336	0.24720384
0.0	12.0	0.0	10.0	0.098390575	0.16945946
2.0	12.0	0.0	10.0	0.2833343916666667	0.07294813000000001
2.0	13.0	0.0	10.0	0.9700680846153846	0.74913775
0.0	13.0	0.0	10.0	0.07589306923076923	0.0495375
1.0	13.0	0.0	10.0	0.6720607615384614	0.78876952
0.0	13.0	0.0	10.0	0.06980989230769231	0.04954997
3.0	13.0	0.0	10.0	0.13727367692307693	0.08560575999999999
1.0	13.0	0.0	10.0	0.21425378461538463	0.18157679
5.0	13.0	0.0	10.0	2.496773476923077	0.08749209
3.0	13.0	0.0	10.0	0.33028208461538466	0.28331251
1.0	13.0	0.0	10.0	0.1812447923076923	0.18752486
6.0	12.0	2.0	10.0	2.19142635	0.26507187
5.0	12.0	1.0	10.0	0.8761952000000001	0.44114559
2.0	11.0	0.0	10.0	0.1409606090909091	0.06969426000000001
2.0	11.0	0.0	10.0	0.9583620181818183	0.6434596800000001
1.0	11.0	0.0	10.0	0.22980574545454546	0.42103954000000005
2.0	11.0	2.0	10.0	0.5869032	0.28608329
0.0	11.0	0.0	10.0	0.09442459999999998	0.07941556
0.0	10.0	1.0	8.0	4.998478529999999	4.3957694
0.0	10.0	0.0	8.0	0.25955586	0.29569080000000003
0.0	10.0	0.0	8.0	0.09961590000000001	0.1004651
0.0	10.0	0.0	8.0	4.01343562	3.1230685000000005
0.0	10.0	0.0	8.0	0.12334932999999997	0.7100405750000001
0.0	10.0	0.0	8.0	0.11456505999999997	0.06401558750000001
0.0	10.0	0.0	8.0	0.25610635	0.2623999125
0.0	10.0	0.0	8.0	0.07627039999999999	0.0546076375
0.0	10.0	0.0	8.0	1.30107131	0.8683725
0.0	10.0	0.0	8.0	0.05939102	0.059034325
0.0	10.0	0.0	8.0	0.08125408999999999	0.11267730000000001
0.0	10.0	0.0	8.0	0.05127206999999999	0.0557871375
0.0	9.0	0.0	8.0	0.10442702222222222	0.11248695
0.0	9.0	0.0	8.0	0.06258581111111111	0.08154457500000001
0.0	9.0	0.0	8.0	0.04445742222222222	0.07577727499999999
0.0	9.0	0.0	8.0	0.061228944444444454	0.0570830125
0.0	9.0	0.0	8.0	0.060585499999999994	0.0458143
0.0	9.0	0.0	8.0	0.6645943888888888	0.610924025
0.0	9.0	0.0	8.0	0.08346014444444444	0.09139986250000001
0.0	9.0	0.0	8.0	0.10110468888888889	0.07547627500000001
0.0	9.0	0.0	8.0	0.08199715555555556	0.1151347125
0.0	9.0	0.0	8.0	0.05297982222222222	0.102352175
0.0	9.0	0.0	8.0	0.03556188888888888	0.11924905
0.0	9.0	0.0	8.0	0.05136347777777778	0.09351425
0.0	9.0	0.0	8.0	0.22391213333333335	0.17537421250000002
0.0	9.0	0.0	8.0	1.5654215111111112	1.122776275
0.0	9.0	0.0	8.0	0.055889822222222225	0.08620475
0.0	9.0	0.0	9.0	0.33844311111111103	0.3284357444444445
0.0	9.0	0.0	9.0	0.09369204444444444	0.24211105555555557
0.0	9.0	0.0	8.0	0.9811779888888889	1.1740106625000002
0.0	9.0	0.0	8.0	0.08441105555555556	0.1127615875
0.0	9.0	0.0	8.0	0.05449204444444444	0.0189992
0.0	9.0	0.0	8.0	0.4490906888888889	0.2917883125
0.0	10.0	0.0	8.0	0.26165084000000005	0.22065251249999998
0.0	10.0	0.0	8.0	0.30814880999999994	0.242539925
0.0	10.0	0.0	9.0	0.09091052	0.12537545555555557
0.0	10.0	0.0	9.0	0.05528097	0.11694865555555557
0.0	10.0	0.0	9.0	0.036455720000000004	0.05831108888888889
0.0	10.0	0.0	9.0	0.09639099000000001	0.04046518888888889
0.0	10.0	0.0	9.0	0.43234713	0.40424744444444444
0.0	10.0	0.0	9.0	0.35728649	0.34745552222222226
0.0	10.0	0.0	9.0	0.7905446300000001	0.6357978777777777
0.0	10.0	0.0	9.0	0.12329492	0.12075525555555555
0.0	10.0	0.0	9.0	0.12550194	0.11249944444444443
0.0	10.0	0.0	9.0	0.06951753000000001	0.09395188888888889
0.0	10.0	0.0	9.0	0.044097660000000004	0.07876981111111112
0.0	10.0	0.0	9.0	0.7414368400000001	0.6028760333333333
0.0	10.0	0.0	9.0	0.12621316999999999	0.1089987222222222
0.0	10.0	0.0	9.0	0.10463754	0.07930904444444445
0.0	10.0	0.0	9.0	0.09105439	0.07273107777777778
0.0	10.0	0.0	9.0	0.12114313000000002	0.08719214444444444
0.0	10.0	0.0	10.0	0.7466732199999999	1.12428878
0.0	10.0	0.0	10.0	0.13151738999999998	0.14146448
0.0	10.0	1.0	10.0	0.24008643999999996	0.27278556
0.0	10.0	0.0	10.0	0.10093921000000002	0.08306899000000001
0.0	10.0	0.0	10.0	0.04520359	0.045868410000000005
0.0	10.0	0.0	10.0	0.27002673	0.29698519
0.0	10.0	0.0	10.0	0.43503170999999996	0.23066305000000004
0.0	10.0	0.0	10.0	0.09196028000000002	0.05928409
0.0	9.0	0.0	10.0	0.2948483111111111	0.19135162
0.0	9.0	0.0	10.0	0.1714852	0.17342205
0.0	9.0	0.0	10.0	0.11891348888888888	0.24963738000000002
0.0	9.0	0.0	11.0	1.4995620555555558	1.8012776909090908
0.0	9.0	0.0	11.0	0.2809365666666667	0.22559583636363634
0.0	9.0	0.0	11.0	0.08719618888888889	0.11741889090909088
0.0	9.0	0.0	11.0	0.0959593111111111	0.11034473636363637
0.0	9.0	0.0	11.0	0.11752414444444444	0.08807618181818182
0.0	9.0	0.0	11.0	0.057413399999999996	0.14694912727272727
0.0	9.0	0.0	11.0	0.16171925555555555	0.074402
0.0	9.0	0.0	11.0	0.07484400000000001	0.1071715090909091
0.0	9.0	0.0	11.0	0.1416283111111111	0.09074965454545453
0.0	9.0	0.0	11.0	0.06669364444444444	0.0740209
0.0	9.0	0.0	11.0	0.1305791888888889	0.20178445454545457
0.0	9.0	0.0	11.0	0.035731299999999994	0.047724445454545454
0.0	9.0	0.0	11.0	0.07571213333333333	0.06725388181818182
0.0	9.0	0.0	11.0	0.15037495555555558	0.07188780909090908
0.0	9.0	0.0	11.0	0.24785199999999996	0.2548210454545455
0.0	9.0	0.0	11.0	0.7069638	0.804141
0.0	9.0	0.0	11.0	0.046937511111111115	0.04025637272727273
0.0	9.0	0.0	11.0	0.11059067777777777	0.13761084545454547
0.0	9.0	0.0	11.0	0.019531677777777777	0.060343827272727274
0.0	9.0	0.0	11.0	0.12130428888888889	0.07522706363636365
0.0	9.0	0.0	11.0	0.05924422222222222	0.038090736363636364
0.0	9.0	0.0	11.0	0.10471086666666667	0.14458954545454544
0.0	9.0	0.0	11.0	0.24149386666666667	0.18600602727272725
0.0	9.0	0.0	11.0	0.1289781888888889	0.06872184545454546
0.0	0.0	0.0	0.0	0.0	0.0
0.0	0.0	0.0	0.0	0.0	0.0
