collision_young	elongation_young	collision_old	elongation_old	dwelltime_young	dwelltime_old
0.0	6.0	0.0	18.0	0.04537895	0.06477046666666668
1.0	6.0	0.0	19.0	1.5861123833333333	1.2829151263157896
0.0	6.0	0.0	19.0	0.08074721666666666	0.09168317368421053
0.0	6.0	1.0	19.0	0.03075176666666667	0.07063861052631579
0.0	7.0	1.0	19.0	0.050863671428571434	0.13167197894736843
0.0	7.0	0.0	19.0	0.03665581428571429	0.05112237894736842
0.0	7.0	0.0	19.0	0.14229931428571427	0.15406756842105263
0.0	7.0	0.0	19.0	0.13527872857142856	0.08743480526315789
0.0	7.0	0.0	19.0	0.16146342857142856	0.2069948947368421
0.0	7.0	0.0	19.0	0.09722824285714284	0.07615933157894737
0.0	7.0	3.0	18.0	0.1082103	0.2956543333333333
0.0	7.0	1.0	18.0	0.15066727142857145	0.2046719277777778
0.0	7.0	0.0	17.0	0.3761278571428571	0.7708403117647059
0.0	7.0	2.0	17.0	0.05846442857142857	0.2092067411764706
0.0	7.0	0.0	17.0	0.08660812857142856	0.08151446470588236
0.0	7.0	2.0	17.0	0.39340984285714287	0.38048552352941173
0.0	7.0	0.0	17.0	0.07701595714285715	0.049673070588235294
0.0	7.0	0.0	17.0	0.03555282857142857	0.0437843
0.0	7.0	0.0	17.0	0.052697357142857136	0.09055750588235295
0.0	7.0	1.0	17.0	0.09686755714285715	0.0915054705882353
0.0	7.0	2.0	17.0	2.0954666428571427	1.3379134411764706
0.0	7.0	0.0	17.0	0.09499144285714285	0.16125303529411766
0.0	7.0	1.0	17.0	0.24488024285714285	0.2594937294117647
0.0	7.0	0.0	17.0	0.2402312857142857	0.5657761411764705
0.0	7.0	3.0	17.0	0.09337910000000002	0.26798040000000006
0.0	7.0	0.0	17.0	0.07512475714285714	0.08799245882352941
0.0	7.0	1.0	17.0	0.025471928571428572	0.04293023529411765
0.0	7.0	2.0	17.0	0.023442442857142858	0.031619170588235296
0.0	7.0	2.0	17.0	0.06865768571428572	0.07731389411764707
0.0	7.0	0.0	17.0	0.25468529999999995	0.27852202352941174
0.0	7.0	1.0	17.0	0.08194755714285715	0.06929935882352942
0.0	7.0	1.0	17.0	0.10609244285714288	0.1549428117647059
0.0	7.0	2.0	17.0	0.9607214571428572	0.9329807823529411
0.0	7.0	1.0	17.0	0.0809949	0.05754855882352941
0.0	6.0	1.0	17.0	0.9819681666666669	1.9964257058823534
0.0	6.0	0.0	17.0	0.05908803333333334	0.07985778235294118
0.0	6.0	0.0	17.0	0.072258	0.159961
0.0	6.0	1.0	17.0	0.058739099999999995	0.09547891176470588
0.0	6.0	1.0	17.0	0.08130721666666667	0.1300258176470588
0.0	6.0	1.0	17.0	0.13075316666666667	0.08856360588235293
0.0	6.0	2.0	17.0	0.16666985	0.21081911176470586
0.0	6.0	2.0	17.0	0.27499504999999996	0.13346729411764705
0.0	6.0	1.0	18.0	0.07921021666666668	0.14370999999999995
0.0	6.0	3.0	19.0	0.0579036	0.1008702894736842
0.0	6.0	1.0	19.0	0.2758773	0.2245237157894737
0.0	6.0	1.0	19.0	0.3280284333333333	0.29331998947368426
0.0	6.0	0.0	19.0	0.03595195	0.03895565263157894
0.0	6.0	0.0	19.0	1.3355655333333332	1.1881434473684211
0.0	6.0	0.0	18.0	0.10968678333333333	0.05770660000000002
0.0	6.0	0.0	18.0	0.08601831666666666	0.06598034444444444
0.0	6.0	6.0	17.0	0.0892307	1.3722313823529413
0.0	6.0	4.0	17.0	0.08568843333333333	0.15984919411764706
0.0	6.0	0.0	18.0	0.08376143333333334	0.1803522388888889
0.0	6.0	1.0	18.0	0.06339795	0.20145283333333333
0.0	6.0	0.0	18.0	0.07531376666666666	0.07589712777777778
0.0	6.0	3.0	17.0	0.10686390000000001	0.2123875588235294
0.0	6.0	0.0	17.0	0.019829116666666664	0.04345373529411765
0.0	6.0	4.0	17.0	0.2488867	0.2927508588235294
0.0	6.0	2.0	17.0	0.11668136666666667	0.1845121529411765
0.0	6.0	0.0	17.0	0.05600966666666666	0.11432722941176472
0.0	8.0	0.0	17.0	4.9426580375	5.1788859
0.0	8.0	0.0	17.0	0.173460375	0.19180557058823527
0.0	8.0	0.0	17.0	0.33941563750000003	0.13832758235294115
0.0	8.0	1.0	17.0	0.044250512500000005	0.14480281176470589
0.0	8.0	0.0	17.0	0.06233	0.07820725294117647
0.0	8.0	1.0	17.0	0.25187775	0.42597099411764705
0.0	8.0	1.0	16.0	0.16052276249999997	0.15410089999999999
0.0	8.0	0.0	15.0	0.5755741249999999	0.27011962
0.0	8.0	1.0	15.0	0.0400766625	0.16634069333333334
0.0	8.0	0.0	15.0	0.19282607499999999	0.17097808666666664
0.0	8.0	1.0	15.0	0.05018945	0.04460665333333334
0.0	8.0	3.0	15.0	0.0547581625	0.8899881733333336
0.0	8.0	2.0	15.0	0.06979292499999999	0.11373456666666668
0.0	8.0	0.0	15.0	0.47344331250000005	0.7805115466666666
0.0	8.0	1.0	15.0	0.060301975	0.07478459333333334
0.0	9.0	0.0	16.0	1.0496466444444446	1.67300226875
0.0	9.0	0.0	16.0	0.11176458888888889	0.10674945625000001
0.0	9.0	0.0	16.0	0.10310085555555555	0.14954951875
0.0	9.0	0.0	15.0	0.6520285222222221	0.8480960466666666
0.0	9.0	0.0	15.0	0.05654057777777778	0.08741067333333333
0.0	9.0	0.0	15.0	0.021967355555555554	0.04179102
0.0	9.0	0.0	13.0	1.1234801333333335	1.7982688769230772
0.0	9.0	0.0	13.0	0.09199207777777778	0.0939386769230769
0.0	9.0	0.0	13.0	0.10391212222222222	0.07128456153846154
0.0	9.0	0.0	13.0	0.4451976555555555	0.11473148461538463
0.0	9.0	0.0	13.0	0.07446104444444444	0.08023179230769231
0.0	10.0	0.0	13.0	0.08437428	0.12262895384615385
0.0	10.0	0.0	14.0	0.05588057999999999	0.07254507857142857
0.0	10.0	0.0	14.0	0.12678584999999998	0.1290121142857143
0.0	10.0	0.0	14.0	0.10411219999999999	0.11595747857142857
0.0	10.0	0.0	14.0	0.0742001	0.053587578571428575
0.0	10.0	0.0	14.0	0.045311939999999995	0.04168898571428571
0.0	10.0	0.0	14.0	0.12134885000000002	0.14277571428571428
0.0	9.0	0.0	14.0	0.18529178888888886	0.17664732142857145
0.0	9.0	0.0	15.0	0.39423369999999996	0.15516394000000003
0.0	9.0	0.0	15.0	0.35484214444444445	0.45997927999999993
0.0	9.0	0.0	15.0	0.03875813333333333	0.07906742666666666
0.0	9.0	0.0	15.0	0.15550446666666667	0.11568026666666668
0.0	9.0	0.0	15.0	0.06342846666666666	0.048446446666666663
0.0	9.0	0.0	15.0	0.2599847	0.39802214
0.0	9.0	0.0	15.0	0.03380623333333333	0.03379559333333334
0.0	9.0	0.0	15.0	0.1898548	0.18558220666666667
0.0	9.0	0.0	15.0	0.060803355555555556	0.09951226666666665
0.0	9.0	0.0	15.0	0.11117687777777777	0.12115752
0.0	8.0	0.0	15.0	0.0360341	0.06600550666666667
1.0	8.0	1.0	15.0	0.14693245	0.24866011333333335
1.0	8.0	0.0	15.0	0.8299089249999999	0.4767748133333333
0.0	8.0	0.0	15.0	0.0933445125	0.11396350000000002
0.0	8.0	0.0	15.0	0.08516577500000001	0.07066348666666666
0.0	8.0	0.0	15.0	0.021139862500000002	0.06798138000000001
0.0	8.0	0.0	14.0	0.44513484999999997	0.2887262857142857
0.0	8.0	0.0	15.0	0.707266575	0.5799818666666667
0.0	8.0	0.0	16.0	0.14112760000000002	0.09562028125
0.0	8.0	0.0	16.0	0.03349215	0.044947843749999994
0.0	8.0	1.0	16.0	0.0400062125	0.10069451249999999
0.0	9.0	0.0	16.0	1.4254770555555556	1.2962972875
0.0	9.0	0.0	16.0	0.09910915555555555	0.08425245
0.0	9.0	0.0	17.0	0.26162555555555556	0.2814667294117647
0.0	9.0	0.0	17.0	0.06208918888888889	0.058266464705882356
0.0	9.0	1.0	17.0	0.39196556666666665	0.3403166294117647
0.0	9.0	1.0	17.0	0.02780636666666667	0.05432778823529411
0.0	8.0	1.0	17.0	0.28122203749999997	0.28686333529411767
0.0	8.0	0.0	17.0	0.318980825	0.3787272470588235
0.0	8.0	0.0	17.0	0.065177775	0.07013765882352943
0.0	8.0	0.0	17.0	0.20661151249999998	0.43314591764705884
0.0	8.0	0.0	17.0	0.07102953749999999	0.0858716117647059
0.0	8.0	0.0	17.0	0.1946731625	0.1862136470588235
0.0	8.0	0.0	17.0	0.1288296625	0.05648308823529411
0.0	8.0	0.0	17.0	0.1514908375	0.08557248823529412
0.0	7.0	0.0	16.0	0.3319895	0.5488521875
0.0	7.0	0.0	16.0	0.08563727142857143	0.09446086875000001
0.0	7.0	0.0	16.0	0.07998757142857142	0.032643275
0.0	7.0	0.0	16.0	0.07431238571428571	0.041493787500000004
0.0	7.0	0.0	15.0	0.17258484285714285	0.15665815333333333
0.0	7.0	0.0	15.0	0.06352122857142857	0.07311590666666666
0.0	7.0	0.0	15.0	0.4493657142857143	0.31195538
0.0	7.0	0.0	15.0	0.46113062857142856	0.31977352
0.0	7.0	0.0	15.0	0.05553735714285714	0.033291966666666666
0.0	7.0	0.0	15.0	0.17362651428571432	0.09633424
0.0	7.0	0.0	15.0	0.08570767142857146	0.0881486733333333
0.0	7.0	0.0	15.0	0.08172751428571427	0.04884836
0.0	7.0	0.0	15.0	0.03997834285714286	0.07622576666666665
0.0	7.0	1.0	15.0	0.0416335	0.09959906666666667
0.0	7.0	1.0	15.0	0.05066584285714285	0.06537208
0.0	7.0	0.0	15.0	0.4503838428571429	0.2429708866666666
0.0	7.0	0.0	15.0	0.05352935714285715	0.06535320000000001
0.0	7.0	0.0	15.0	0.10695141428571431	0.21868858666666663
0.0	7.0	0.0	15.0	0.5097153714285715	0.32354589333333333
0.0	7.0	0.0	15.0	0.8660123000000001	0.6269702333333332
0.0	7.0	2.0	14.0	0.2548587571428572	0.37230636428571434
0.0	7.0	0.0	14.0	0.08883484285714285	0.10598862142857146
0.0	7.0	0.0	14.0	0.3820235	0.5125021642857143
0.0	7.0	0.0	14.0	0.2586325	0.5019914142857143
0.0	7.0	0.0	14.0	0.07035827142857141	0.12975523571428568
0.0	7.0	0.0	14.0	0.1258449857142857	0.03599590714285715
0.0	7.0	0.0	14.0	0.09305371428571428	0.07295810714285714
0.0	7.0	0.0	14.0	0.014630614285714286	0.026323114285714287
0.0	7.0	1.0	14.0	0.04628028571428571	0.10428410714285714
0.0	7.0	0.0	14.0	0.24484097142857145	0.13942519285714286
0.0	7.0	0.0	14.0	0.3348647142857143	0.49066325000000005
0.0	7.0	1.0	14.0	0.02247078571428571	0.04860414285714285
0.0	7.0	1.0	14.0	0.07831767142857145	0.08480911428571428
0.0	7.0	0.0	15.0	0.07815791428571428	0.05616628666666667
0.0	7.0	1.0	15.0	0.043902828571428576	0.09008593333333333
0.0	7.0	1.0	15.0	0.10910898571428572	0.08246789333333335
0.0	7.0	2.0	15.0	0.09117685714285714	0.24928644000000003
0.0	7.0	0.0	15.0	0.1893835	0.3241472266666667
0.0	7.0	0.0	15.0	0.7125187857142858	0.8859092733333332
0.0	7.0	0.0	15.0	0.12949829999999998	0.15739512666666666
0.0	7.0	0.0	15.0	0.22066572857142858	0.16319405333333334
0.0	7.0	0.0	15.0	0.13470885714285716	0.15896316000000002
0.0	7.0	0.0	15.0	0.12804161428571428	0.11888806000000002
0.0	7.0	0.0	14.0	1.3235472571428573	1.2858183785714288
0.0	7.0	0.0	14.0	0.09306524285714286	0.07026283571428572
0.0	7.0	0.0	14.0	0.04660662857142857	0.05042035714285715
0.0	7.0	0.0	14.0	0.11961875714285715	0.3047105071428571
0.0	7.0	0.0	14.0	0.2421061	0.15395852857142858
0.0	7.0	0.0	14.0	0.03675622857142858	0.045799928571428575
0.0	7.0	0.0	14.0	0.2337223142857143	0.13637412857142858
0.0	7.0	0.0	14.0	0.06998482857142858	0.12744692142857145
0.0	6.0	0.0	14.0	0.12445221666666668	0.10660626428571428
0.0	6.0	0.0	14.0	0.06738063333333333	0.0612696142857143
0.0	6.0	0.0	14.0	0.07659556666666667	0.03957952142857143
0.0	6.0	0.0	14.0	0.3189996666666666	0.24809031428571426
0.0	6.0	0.0	15.0	0.1001587	0.09569575333333334
0.0	6.0	0.0	15.0	0.06419766666666665	0.08141247333333332
0.0	6.0	0.0	15.0	0.22216571666666665	0.19468122000000002
0.0	6.0	0.0	15.0	0.10660988333333334	0.11160138000000001
0.0	6.0	0.0	15.0	0.17404865	0.14641949333333334
0.0	6.0	0.0	15.0	0.12521661666666667	0.06234465333333334
0.0	6.0	0.0	15.0	0.21179103333333335	0.16684216666666668
0.0	6.0	0.0	15.0	0.5854322833333333	0.33619515333333333
0.0	6.0	0.0	15.0	0.7227713333333333	1.18302146
0.0	6.0	0.0	15.0	0.1096804	0.1810344733333333
0.0	6.0	0.0	15.0	0.047799266666666666	0.0726962
0.0	6.0	0.0	13.0	0.38107949999999996	0.4150943538461539
0.0	7.0	0.0	13.0	0.08356711428571428	0.11866421538461537
0.0	7.0	0.0	13.0	0.13594014285714287	0.12027206923076925
0.0	7.0	0.0	13.0	0.07778154285714285	0.05817270769230769
0.0	7.0	0.0	13.0	0.10788522857142857	0.15619537692307692
0.0	7.0	0.0	13.0	0.07227271428571429	0.08907413076923078
0.0	7.0	0.0	13.0	0.06995552857142857	0.05389683846153846
0.0	7.0	0.0	13.0	0.09382441428571428	0.10015823076923079
0.0	7.0	0.0	13.0	0.4392370285714286	0.26502018461538457
0.0	7.0	0.0	14.0	0.13650967142857143	0.12427055
0.0	7.0	0.0	14.0	0.13798671428571427	0.11479654285714287
0.0	7.0	0.0	14.0	0.09046034285714287	0.06395573571428571
0.0	7.0	0.0	14.0	0.0957086857142857	0.15426555714285714
0.0	7.0	0.0	14.0	0.056838285714285716	0.056742028571428564
0.0	7.0	0.0	14.0	0.0961724	0.05990886428571428
0.0	7.0	0.0	15.0	0.05842404285714286	0.10650420000000001
0.0	8.0	1.0	15.0	0.4279182375	0.4926040466666667
0.0	8.0	1.0	15.0	0.51650235	0.69520986
0.0	8.0	0.0	15.0	0.1949090625	0.25845954
0.0	8.0	0.0	15.0	0.2022561	0.25223651333333336
0.0	8.0	0.0	15.0	0.1468796625	0.2892220866666666
0.0	8.0	0.0	15.0	0.091090975	0.05614934666666667
0.0	8.0	0.0	15.0	0.11122293750000001	0.08569241333333331
0.0	8.0	0.0	14.0	0.2456097125	0.2962903928571428
0.0	8.0	0.0	14.0	0.0657548625	0.09237102142857143
0.0	8.0	0.0	14.0	0.0274062125	0.055112164285714284
0.0	8.0	0.0	14.0	0.44278441249999995	0.7043309214285715
0.0	8.0	0.0	14.0	0.11048596249999999	0.15545214285714287
0.0	8.0	0.0	14.0	0.1124852875	0.0916263142857143
0.0	8.0	0.0	14.0	0.09150933750000001	0.07694103571428572
0.0	8.0	0.0	14.0	0.0734475125	0.07195872857142858
0.0	8.0	0.0	14.0	0.06538883749999999	0.07805713571428571
0.0	8.0	0.0	15.0	1.1047586125	0.8280258333333335
0.0	8.0	0.0	15.0	0.056877487500000004	0.08423385333333333
0.0	8.0	0.0	15.0	0.04223736249999999	0.039130446666666666
0.0	8.0	0.0	15.0	0.134465375	0.0878286066666667
0.0	8.0	0.0	15.0	0.05048245	0.05727582666666666
0.0	8.0	0.0	15.0	0.057264274999999996	0.04835702666666667
0.0	8.0	0.0	15.0	0.039748074999999994	0.06488674666666668
0.0	8.0	1.0	16.0	0.075404675	0.06749972500000001
0.0	8.0	1.0	16.0	0.11643945	0.23980215624999998
0.0	8.0	0.0	16.0	0.1004947375	0.059797718750000006
0.0	8.0	0.0	16.0	0.07586129999999999	0.04240040625
0.0	8.0	1.0	16.0	0.2593857875	0.13366946875000002
0.0	8.0	1.0	18.0	0.5015462125000001	0.7298038611111111
0.0	8.0	1.0	18.0	0.05722833750000001	0.04743946111111111
0.0	8.0	1.0	17.0	0.256803175	0.3233021647058823
0.0	8.0	0.0	17.0	0.022161162500000005	0.039893741176470585
0.0	8.0	0.0	17.0	0.3787919	0.22608399411764707
0.0	8.0	1.0	17.0	0.09042483750000001	0.11448261176470588
0.0	8.0	0.0	17.0	0.09393925	0.08041696470588235
0.0	8.0	0.0	17.0	0.0359424	0.045106223529411765
0.0	8.0	1.0	17.0	0.1555065	0.15521081176470589
0.0	8.0	0.0	17.0	0.0640319125	0.10579816470588237
0.0	8.0	0.0	17.0	0.6809321374999999	0.9586293529411765
0.0	8.0	0.0	17.0	0.9850384625	1.3701225647058823
0.0	8.0	0.0	17.0	0.0955122875	0.0941576
0.0	9.0	0.0	17.0	0.8015518111111111	0.7840756176470588
0.0	9.0	0.0	16.0	0.26922321111111114	0.1798820875
0.0	9.0	0.0	16.0	0.48302084444444443	0.8197751499999999
0.0	9.0	0.0	16.0	0.08045833333333333	0.07823536249999999
0.0	9.0	0.0	16.0	0.10494194444444443	0.05043519375
0.0	9.0	0.0	16.0	0.0799501	0.07863491875
0.0	9.0	0.0	16.0	0.05134706666666667	0.04982574375
0.0	9.0	0.0	16.0	0.0868094888888889	0.07399091875
0.0	9.0	0.0	16.0	0.09707865555555556	0.088551025
0.0	8.0	0.0	16.0	0.1638957625	0.1498997625
0.0	8.0	0.0	16.0	0.0477578875	0.0531601625
0.0	7.0	0.0	16.0	0.07415171428571428	0.13935895
0.0	7.0	0.0	16.0	0.2007420857142857	0.15485891875
0.0	7.0	0.0	16.0	0.033260114285714286	0.0789027125
0.0	7.0	0.0	16.0	0.14337031428571428	0.14273868125
0.0	7.0	0.0	16.0	0.09697851428571427	0.07902351875
0.0	7.0	0.0	16.0	0.038849185714285715	0.024428568749999997
0.0	7.0	0.0	15.0	0.23341467142857142	0.16909055333333328
0.0	7.0	0.0	15.0	0.14168627142857143	0.05529703333333334
0.0	7.0	0.0	15.0	0.18135145714285714	0.19749217333333333
0.0	7.0	0.0	15.0	0.12447774285714287	0.2108526666666667
0.0	7.0	0.0	15.0	0.2994618142857143	0.33224087333333335
0.0	7.0	0.0	15.0	0.06975462857142857	0.06111965333333334
0.0	7.0	0.0	15.0	0.07635525714285715	0.08448541999999999
0.0	7.0	0.0	15.0	0.3374922571428572	0.24170185333333333
0.0	7.0	0.0	15.0	0.029638442857142854	0.04614395333333333
0.0	7.0	0.0	15.0	0.1847758	0.18325264000000002
0.0	7.0	0.0	15.0	0.0999268	0.10949586666666668
0.0	7.0	0.0	15.0	0.058021828571428576	0.05686718666666667
0.0	6.0	0.0	15.0	0.16824403333333335	0.30123797999999996
0.0	6.0	0.0	15.0	2.536934083333333	2.0538738666666663
0.0	6.0	0.0	15.0	0.8354874666666667	0.1721513066666667
0.0	6.0	0.0	15.0	0.049790549999999996	0.13349999333333334
0.0	7.0	0.0	15.0	0.44165991428571433	0.33214944
0.0	7.0	0.0	15.0	1.0335807285714285	0.9407151133333335
0.0	7.0	0.0	15.0	0.43451087142857153	0.7913783466666666
0.0	7.0	0.0	15.0	0.5876509142857144	0.7089920533333333
0.0	7.0	0.0	15.0	0.15397655714285713	0.15344223333333332
0.0	7.0	0.0	15.0	0.13682597142857142	0.06382366666666665
0.0	7.0	0.0	15.0	0.26134467142857143	0.28251109333333335
0.0	7.0	0.0	15.0	0.13178334285714285	0.046147573333333324
0.0	7.0	0.0	15.0	0.045805428571428566	0.11245685333333334
0.0	7.0	0.0	15.0	0.07027052857142858	0.057380940000000005
0.0	7.0	0.0	15.0	0.059090028571428574	0.09213365333333336
0.0	8.0	0.0	15.0	0.25553234999999996	0.12889629333333336
0.0	8.0	0.0	15.0	0.050693962499999995	0.05840653999999999
0.0	8.0	0.0	14.0	0.04964927499999999	0.08678845714285713
0.0	8.0	0.0	14.0	0.34636140000000004	0.1679039142857143
0.0	8.0	0.0	14.0	0.044943262500000004	0.04681707857142857
0.0	8.0	0.0	14.0	1.027283375	0.6619786571428571
0.0	8.0	0.0	14.0	0.072400975	0.06521763571428571
0.0	8.0	0.0	13.0	0.049334925	0.0263602
0.0	8.0	0.0	13.0	0.1112773125	0.13551003846153847
0.0	8.0	0.0	13.0	0.028692475000000002	0.04654748461538461
0.0	8.0	0.0	13.0	0.07362645000000001	0.02994726923076923
0.0	8.0	0.0	13.0	0.26755443749999996	0.2555484769230769
0.0	8.0	1.0	12.0	1.1333701125	0.4290151416666667
0.0	8.0	1.0	12.0	0.1783273125	0.2902392416666667
0.0	8.0	2.0	13.0	0.0692812625	1.6309307846153844
0.0	8.0	2.0	13.0	0.0712515	0.05051123076923078
0.0	8.0	3.0	13.0	0.32226448750000003	0.4487869076923077
0.0	8.0	0.0	13.0	0.10418140000000001	0.050020023076923076
0.0	8.0	0.0	13.0	0.035675725	0.02453820769230769
0.0	8.0	2.0	13.0	0.0442966625	0.08123047692307693
0.0	8.0	2.0	13.0	0.058035437499999995	0.05225589230769231
0.0	8.0	1.0	15.0	0.330238325	0.46308067999999997
0.0	8.0	2.0	15.0	1.2063961875000002	0.9292752400000001
0.0	8.0	0.0	15.0	0.7016784375	0.6756821466666666
0.0	6.0	0.0	17.0	4.519616566666667	3.8212581235294123
0.0	6.0	0.0	17.0	0.10471416666666666	0.0668236588235294
0.0	6.0	0.0	17.0	0.10252406666666669	0.08553413529411766
0.0	6.0	0.0	17.0	0.4982022666666667	0.1739842
0.0	6.0	1.0	17.0	0.26426001666666665	0.3622372882352941
0.0	6.0	1.0	17.0	0.08056005000000001	0.15321283529411764
0.0	6.0	0.0	17.0	0.14047783333333333	0.1575101882352941
0.0	6.0	0.0	17.0	0.03290216666666667	0.09537781764705881
0.0	6.0	0.0	17.0	0.0858473	0.08933605882352941
0.0	6.0	0.0	17.0	0.050064066666666664	0.11088171176470588
0.0	6.0	1.0	17.0	0.10386536666666667	0.09254210588235294
0.0	6.0	1.0	17.0	0.5738282666666666	1.7206378588235294
0.0	6.0	0.0	17.0	0.12059635	0.15364666470588234
0.0	6.0	0.0	17.0	0.08381036666666665	0.09000185882352942
0.0	6.0	0.0	17.0	0.26416898333333333	0.3952032588235294
0.0	6.0	0.0	17.0	0.05201003333333334	0.08905499411764706
0.0	6.0	0.0	17.0	0.3111144666666667	0.38930799411764705
0.0	6.0	0.0	17.0	0.08543725	0.0958438294117647
0.0	6.0	0.0	17.0	0.0454618	0.09506134705882353
0.0	6.0	2.0	17.0	0.13258711666666667	0.18619339411764704
0.0	6.0	2.0	17.0	0.20034436666666666	0.26305483529411766
0.0	6.0	1.0	17.0	0.1068574	0.11304292352941177
0.0	6.0	0.0	17.0	0.09919933333333332	0.06775641176470588
0.0	6.0	0.0	16.0	0.12963315	0.136048275
0.0	6.0	0.0	16.0	0.04997943333333333	0.05184030625
0.0	6.0	0.0	16.0	0.051687149999999994	0.1033787625
0.0	6.0	0.0	15.0	0.7351622	0.5400857733333333
0.0	6.0	0.0	15.0	0.24945209999999998	0.17432270666666666
0.0	6.0	0.0	15.0	0.11050685	0.08788581333333334
0.0	6.0	1.0	16.0	0.83041135	1.6664955875
0.0	6.0	1.0	16.0	0.23969826666666663	0.17716951874999998
0.0	6.0	0.0	16.0	0.11202215	0.23684873125
0.0	6.0	0.0	16.0	0.09345074999999999	0.08395430000000001
0.0	6.0	1.0	16.0	0.04231491666666667	0.21107054375
0.0	6.0	0.0	16.0	0.05673718333333333	0.0805778375
0.0	6.0	1.0	16.0	0.07401003333333334	0.13123259375000002
0.0	6.0	1.0	16.0	0.037853283333333335	0.11011734375
0.0	6.0	0.0	16.0	0.045517350000000005	0.07356840625
0.0	6.0	1.0	16.0	0.13590706666666666	0.09689591875
0.0	6.0	1.0	16.0	0.6458545000000001	0.58595405
0.0	6.0	0.0	16.0	0.19779286666666665	0.19204094374999997
0.0	6.0	0.0	16.0	0.048582883333333333	0.051315887500000004
0.0	6.0	0.0	16.0	0.11097286666666666	0.12248186875000001
0.0	7.0	0.0	16.0	0.5476650000000001	1.03448731875
0.0	7.0	0.0	16.0	0.14314874285714288	0.15516418125
0.0	7.0	0.0	16.0	0.23672931428571428	0.565182475
0.0	7.0	0.0	15.0	0.09489235714285714	0.14402741333333335
0.0	7.0	0.0	15.0	0.2549495857142857	0.39070554
0.0	7.0	0.0	15.0	0.31685765714285713	0.23349748666666664
0.0	7.0	0.0	15.0	0.025413885714285715	0.05442600666666668
0.0	7.0	0.0	15.0	0.16396364285714288	0.1593327266666667
0.0	7.0	0.0	15.0	0.2666800285714286	0.4161168466666666
0.0	7.0	0.0	15.0	0.022841828571428573	0.044771653333333335
0.0	7.0	0.0	14.0	0.07338041428571429	0.0530556
0.0	7.0	0.0	14.0	0.07194917142857142	0.07544880714285715
0.0	8.0	0.0	14.0	0.134642975	0.17623979285714284
0.0	8.0	0.0	15.0	0.171767325	0.11808645999999999
0.0	8.0	0.0	15.0	0.0798345625	0.12510150666666667
0.0	8.0	0.0	15.0	0.1723890625	0.1797060733333333
0.0	8.0	0.0	15.0	0.0623560375	0.04764632666666667
0.0	8.0	0.0	15.0	0.16639920000000002	0.10343622666666666
0.0	8.0	0.0	15.0	0.4778002375	0.28161430000000004
0.0	8.0	0.0	15.0	0.18434131250000002	0.08678775333333334
0.0	8.0	0.0	15.0	0.5351139625	0.45031037333333324
0.0	8.0	0.0	15.0	0.1475423125	0.05559018666666667
0.0	8.0	0.0	15.0	0.2992028625	0.36812762
0.0	8.0	1.0	15.0	0.122991725	0.16667549333333334
0.0	8.0	1.0	15.0	0.1164867125	0.11181597999999998
0.0	8.0	1.0	16.0	0.1391591375	0.10167689375
0.0	7.0	1.0	16.0	0.062266757142857135	0.0407527875
0.0	7.0	0.0	16.0	0.05193087142857143	0.0481875
0.0	7.0	1.0	16.0	0.09167994285714286	0.0841046625
0.0	7.0	0.0	16.0	0.04640402857142857	0.06255866875
0.0	7.0	0.0	16.0	0.11541265714285717	0.10508185
0.0	7.0	0.0	16.0	0.04572771428571428	0.042751025
0.0	7.0	0.0	16.0	0.14090121428571428	0.10438891249999999
0.0	7.0	0.0	16.0	0.6743016	0.8562911625
0.0	7.0	0.0	16.0	0.3732469857142857	0.198993875
0.0	7.0	0.0	16.0	0.15179742857142856	0.0919674875
0.0	7.0	0.0	16.0	0.052079328571428565	0.06471384999999999
0.0	7.0	0.0	18.0	0.3443780142857143	0.28594644444444445
0.0	7.0	0.0	18.0	0.3128490571428571	0.2249977777777778
0.0	7.0	0.0	18.0	0.05254814285714287	0.15751900555555554
0.0	7.0	0.0	18.0	0.035501500000000005	0.05097238333333334
0.0	7.0	0.0	18.0	0.10588112857142858	0.08397683888888889
0.0	7.0	0.0	18.0	0.0338405	0.05414332777777778
0.0	6.0	1.0	18.0	0.10605935	0.13061821111111108
0.0	6.0	0.0	18.0	0.07557296666666667	0.06251819444444445
0.0	6.0	0.0	18.0	0.051436100000000005	0.07648361111111111
0.0	6.0	0.0	17.0	0.10091729999999999	0.07442627647058823
0.0	6.0	0.0	17.0	0.10272488333333335	0.15168746470588235
0.0	6.0	0.0	17.0	0.10185896666666666	0.07306690588235293
0.0	6.0	0.0	17.0	0.052432599999999996	0.0648606411764706
0.0	6.0	0.0	17.0	0.37284620000000007	0.35483549999999997
0.0	6.0	0.0	17.0	0.42288046666666673	0.3851389705882353
0.0	6.0	0.0	17.0	0.18478898333333335	0.3126960999999999
0.0	6.0	0.0	17.0	0.11047770000000001	0.14657317647058823
0.0	6.0	0.0	17.0	0.28026558333333335	0.2074838705882353
0.0	6.0	0.0	16.0	0.14148271666666667	0.11063348125
0.0	6.0	0.0	16.0	0.3957281833333333	0.2437113875
0.0	6.0	0.0	16.0	0.34563764999999996	0.1632695125
0.0	6.0	0.0	16.0	0.09985791666666666	0.06964776875
0.0	6.0	0.0	16.0	0.17848280000000002	0.11728416250000001
0.0	6.0	0.0	16.0	0.13417828333333334	0.18751309375
0.0	6.0	0.0	16.0	0.04736715	0.10549113125
0.0	6.0	0.0	16.0	0.11579468333333333	0.074849575
0.0	6.0	0.0	16.0	0.05360483333333333	0.10934975
0.0	7.0	0.0	16.0	0.17383845714285712	0.10136090625
0.0	7.0	0.0	16.0	0.12774244285714284	0.1277880625
0.0	7.0	0.0	16.0	0.06706678571428572	0.06253112499999999
0.0	7.0	0.0	16.0	0.06095678571428572	0.044545725
0.0	7.0	0.0	16.0	0.09136861428571429	0.06157583124999999
0.0	7.0	0.0	16.0	0.21234357142857146	0.18254287500000002
0.0	7.0	0.0	16.0	0.30096955714285706	0.41200756250000004
0.0	7.0	0.0	16.0	0.39935898571428574	0.283142475
0.0	8.0	0.0	16.0	0.5607041375	0.31664578125
0.0	8.0	0.0	16.0	0.1865487	0.21563820625
0.0	8.0	0.0	16.0	0.1255397375	0.13986902499999998
0.0	8.0	0.0	16.0	0.07850573749999999	0.1530327875
0.0	8.0	0.0	16.0	0.034070500000000004	0.06900658125
0.0	8.0	0.0	16.0	0.035338925	0.04679435625
0.0	8.0	0.0	16.0	0.6534507875	0.6292071625
1.0	8.0	0.0	16.0	0.7008318125	0.07804177500000001
0.0	8.0	0.0	16.0	0.037550912500000005	0.03988790625000001
1.0	8.0	0.0	16.0	0.20425295	0.1986820875
0.0	8.0	0.0	16.0	0.10250580000000001	0.06814773125
0.0	8.0	0.0	16.0	0.2528579375	0.32182065625
1.0	8.0	1.0	16.0	0.3640592625	0.4221025875
1.0	9.0	2.0	16.0	0.27190027777777775	0.33527471250000007
0.0	9.0	1.0	16.0	0.025038388888888888	0.03920548125
0.0	9.0	1.0	16.0	0.046153577777777774	0.04734588125
2.0	9.0	2.0	16.0	0.24500594444444446	0.25623645
2.0	9.0	1.0	17.0	2.366556311111111	1.7915778411764707
1.0	9.0	0.0	17.0	0.05007052222222222	0.04770268235294118
2.0	9.0	1.0	17.0	0.5107256333333333	0.5931760823529411
2.0	9.0	1.0	17.0	0.3534082666666667	0.09698028823529413
0.0	9.0	0.0	17.0	0.1685028888888889	0.12961461176470587
0.0	9.0	0.0	17.0	1.6875565777777777	1.808679905882353
0.0	9.0	0.0	17.0	0.30625365555555556	0.2762596823529412
0.0	9.0	0.0	17.0	0.07348084444444443	0.09164915294117647
0.0	9.0	2.0	17.0	0.1600598888888889	0.22004807647058824
0.0	9.0	0.0	16.0	2.023351788888889	1.0537206375
0.0	9.0	0.0	16.0	0.11068672222222221	0.09713521875
0.0	9.0	0.0	16.0	0.2925926555555555	0.3332473375
0.0	9.0	0.0	16.0	0.7762786666666667	0.6315947375
0.0	9.0	0.0	16.0	1.3721121555555553	1.24038286875
0.0	9.0	0.0	15.0	0.10948618888888889	0.11764193999999999
0.0	9.0	0.0	15.0	0.15018235555555556	0.17642932
0.0	9.0	0.0	15.0	0.2691201555555556	0.35811589999999993
0.0	9.0	0.0	15.0	0.09360142222222222	0.13311967333333333
0.0	8.0	0.0	15.0	0.9823121125	1.3981244866666664
0.0	8.0	1.0	14.0	0.07300418750000001	0.11795048571428571
0.0	8.0	0.0	14.0	0.1164470125	0.11415501428571428
0.0	8.0	0.0	14.0	0.073702825	0.08783280714285716
0.0	8.0	0.0	14.0	0.36980365	0.6649267214285715
0.0	8.0	0.0	14.0	0.0433328375	0.04420852857142858
0.0	8.0	0.0	14.0	0.08314256249999999	0.07805495714285714
0.0	8.0	0.0	14.0	0.1365837375	0.13421192857142858
0.0	8.0	0.0	14.0	0.6464166499999999	0.6285665428571429
0.0	7.0	0.0	14.0	0.21022431428571428	0.11843529285714285
0.0	7.0	0.0	14.0	0.13405581428571428	0.16169812857142857
2.0	7.0	3.0	12.0	0.3673076	0.5585979499999999
2.0	7.0	0.0	12.0	0.31755710000000004	0.2742913166666667
0.0	7.0	0.0	12.0	0.1830835	0.1982598333333333
0.0	7.0	0.0	12.0	0.0742633	0.08328265
0.0	7.0	0.0	12.0	0.1922548857142857	0.2438274833333333
0.0	7.0	0.0	12.0	0.07392047142857143	0.09579705833333334
0.0	7.0	0.0	12.0	0.04564761428571429	0.06243419166666667
0.0	7.0	0.0	12.0	0.11461592857142858	0.10998594166666668
0.0	7.0	0.0	12.0	0.20527168571428575	0.3536987916666667
0.0	7.0	0.0	12.0	0.1433806	0.09399977500000001
0.0	7.0	0.0	8.0	7.8982399857142855	3.794245325
0.0	7.0	0.0	8.0	0.056349171428571425	0.08206021250000001
0.0	7.0	0.0	8.0	0.09679297142857142	0.085769175
0.0	7.0	0.0	8.0	0.038420614285714284	0.051616175
0.0	7.0	0.0	8.0	0.1132499142857143	0.22244525000000004
0.0	7.0	0.0	8.0	0.058839157142857146	0.057819775
0.0	7.0	0.0	8.0	0.11481457142857142	0.0853032625
0.0	7.0	0.0	8.0	0.04744458571428571	0.0402129875
0.0	7.0	0.0	8.0	0.06526001428571429	0.0861842
0.0	7.0	0.0	8.0	0.10873324285714285	0.1431451375
0.0	6.0	0.0	8.0	0.058990766666666666	0.05350555
0.0	6.0	0.0	8.0	0.029139550000000004	0.024192850000000002
0.0	6.0	0.0	8.0	0.06639574999999999	0.06547775
0.0	6.0	0.0	8.0	0.05569549999999999	0.0767563375
0.0	6.0	0.0	8.0	0.044938883333333325	0.0374208625
0.0	6.0	0.0	8.0	0.19251208333333333	0.17154575000000002
0.0	5.0	0.0	8.0	0.08927863999999999	0.0796504875
0.0	5.0	0.0	8.0	0.0748849	0.1259565875
0.0	5.0	0.0	8.0	0.10834854000000001	0.10440365
0.0	5.0	0.0	7.0	0.39658438000000007	0.15346414285714285
0.0	5.0	0.0	7.0	0.0898487	0.10098805714285715
0.0	5.0	0.0	7.0	0.10688057999999998	0.22718021428571428
0.0	5.0	0.0	7.0	0.2033775	0.3100105428571428
0.0	5.0	0.0	7.0	0.4369754800000001	0.09937011428571431
0.0	5.0	0.0	7.0	0.08415349999999999	0.033136842857142856
0.0	5.0	0.0	7.0	0.29739934	0.16360651428571432
0.0	5.0	0.0	7.0	0.06564648	0.08413832857142858
0.0	5.0	0.0	7.0	0.6212220199999999	1.1289232999999999
0.0	4.0	0.0	6.0	0.06550947499999998	0.041008449999999995
0.0	4.0	0.0	6.0	0.255446275	0.24208841666666667
0.0	4.0	0.0	6.0	0.01608375	0.018347516666666668
0.0	4.0	0.0	6.0	0.139372575	0.08324331666666668
0.0	4.0	0.0	6.0	0.13003979999999998	0.08590901666666667
0.0	4.0	0.0	6.0	0.14999155000000003	0.47729855
0.0	4.0	0.0	6.0	0.15334620000000002	0.13070411666666665
0.0	4.0	0.0	6.0	0.1500583	0.1557184
0.0	4.0	0.0	6.0	0.33195394999999994	0.17493
0.0	4.0	0.0	6.0	0.060572925	0.07702116666666665
0.0	4.0	0.0	6.0	0.324898875	0.14829478333333332
0.0	4.0	0.0	6.0	0.168552225	0.07979180000000001
0.0	4.0	0.0	6.0	0.318235675	0.12863118333333332
0.0	4.0	0.0	6.0	0.08763225	0.4536362333333333
0.0	3.0	0.0	6.0	0.09729096666666666	0.10218963333333335
0.0	3.0	0.0	6.0	0.023688766666666666	0.06341211666666667
0.0	3.0	0.0	6.0	1.6502063666666666	1.8737915833333334
0.0	3.0	0.0	6.0	0.19354686666666665	0.7479123166666667
0.0	3.0	0.0	6.0	0.22371696666666666	0.12228231666666667
0.0	3.0	0.0	5.0	1.0643955666666667	1.5994237599999999
0.0	3.0	0.0	5.0	0.22804040000000003	0.06088959999999999
0.0	3.0	0.0	5.0	0.08834866666666667	0.05869512
0.0	3.0	0.0	5.0	0.08571733333333333	0.09993912
0.0	3.0	0.0	5.0	0.0338057	0.031860259999999994
0.0	3.0	0.0	5.0	0.08358273333333333	0.10989975999999999
0.0	3.0	0.0	5.0	0.030516333333333336	0.06240646000000001
0.0	3.0	0.0	5.0	0.08240466666666667	0.12180005999999999
0.0	3.0	0.0	5.0	0.18120323333333332	0.39260874000000007
0.0	3.0	0.0	5.0	0.7162787666666667	0.30519894000000003
0.0	3.0	0.0	5.0	0.06329436666666667	0.03368484
0.0	3.0	0.0	5.0	0.11769663333333331	0.0393976
0.0	3.0	0.0	5.0	0.04894316666666667	0.09933864
0.0	3.0	0.0	5.0	0.4320278	0.16499089999999997
0.0	3.0	0.0	5.0	0.08615836666666667	0.11298820000000001
0.0	3.0	0.0	5.0	0.0514248	0.10633812000000001
0.0	3.0	0.0	5.0	0.05501866666666667	0.03068244
0.0	3.0	0.0	5.0	0.09792686666666667	0.049056100000000005
0.0	3.0	0.0	5.0	0.0547302	0.027616359999999996
0.0	3.0	0.0	5.0	0.013949066666666668	0.038902940000000004
0.0	3.0	0.0	5.0	0.07143470000000002	0.05262549999999999
0.0	3.0	0.0	5.0	0.20370513333333337	0.18221707999999998
0.0	3.0	0.0	5.0	0.4956712333333333	0.38045619999999997
0.0	3.0	0.0	5.0	0.0573908	0.04576342
0.0	3.0	0.0	4.0	0.7501009666666668	2.000700525
0.0	3.0	0.0	4.0	0.081063	0.11906920000000001
0.0	3.0	0.0	4.0	0.2978169	0.152546875
0.0	3.0	0.0	4.0	0.26778596666666665	1.0145264249999997
0.0	3.0	0.0	4.0	0.08558439999999999	0.09681009999999998
0.0	3.0	0.0	4.0	0.014846233333333335	0.058487300000000006
0.0	3.0	0.0	4.0	0.18087436666666667	0.040653425
0.0	3.0	0.0	4.0	0.0481532	0.03770375
0.0	3.0	0.0	4.0	0.16356593333333333	0.4822795999999999
0.0	3.0	0.0	4.0	0.10543789999999997	0.11894612499999999
0.0	3.0	0.0	4.0	0.12422820000000001	0.07958675
0.0	3.0	0.0	4.0	0.04807946666666666	0.087082675
0.0	3.0	0.0	4.0	0.16149376666666668	0.1091537
0.0	3.0	0.0	4.0	1.3309155333333333	1.0161033750000001
0.0	3.0	0.0	4.0	0.6661209666666666	0.455441825
0.0	3.0	0.0	4.0	0.0591796	0.0454643
0.0	2.0	0.0	4.0	0.08306459999999999	0.439644575
0.0	0.0	0.0	0.0	0.0	0.0
0.0	0.0	0.0	0.0	0.0	0.0
