0.71742
0.71385
0.70806
0.71353
0.71373
0.71074
0.71248
0.71266
0.71361
0.71603
0.71252
0.71444
0.71588
0.71638
0.71121
0.71131
0.70589
0.70739
0.72006
0.71192
0.65378
0.63907
0.64322
0.65528
0.65043
0.62905
0.64824
0.63742
0.62808
0.65150
0.64122
0.63748
0.65076
0.64161
0.64977
0.65045
0.63554
0.64504
0.64337
0.64699
0.79493
0.79241
0.79909
0.79954
0.80030
0.79953
0.79457
0.79936
0.79514
0.79026
0.79943
0.79821
0.79738
0.80049
0.79220
0.79535
0.80016
0.79761
0.79670
0.79913
0.78616
0.79141
0.79270
0.78818
0.79132
0.79130
0.78871
0.78782
0.78188
0.78665
0.79386
0.79053
0.78336
0.79068
0.79059
0.78922
0.78679
0.79166
0.79207
0.79243
0.47570
0.46270
0.47234
0.47649
0.47262
0.46588
0.47846
0.47511
0.47037
0.47667
0.45398
0.46456
0.46900
0.47672
0.47679
0.46996
0.47135
0.47339
0.47079
0.47119
0.48978
0.49092
0.49270
0.49380
0.49220
0.49090
0.48983
0.49309
0.49114
0.48411
0.49414
0.49354
0.49259
0.49329
0.49006
0.49333
0.49044
0.49071
0.49316
0.49547
0.61982
0.62087
0.62881
0.62387
0.62595
0.61669
0.62169
0.61400
0.62290
0.62534
0.62362
0.62687
0.62320
0.62261
0.61859
0.62034
0.62201
0.62724
0.61870
0.61865
0.73485
0.73741
0.74228
0.73437
0.74272
0.73629
0.73867
0.73904
0.73373
0.73880
0.72664
0.73700
0.73469
0.73574
0.73682
0.74502
0.74056
0.74575
0.73853
0.74157
0.76338
0.75948
0.77044
0.76475
0.76602
0.76801
0.76676
0.77012
0.76941
0.76790
0.77190
0.77298
0.77260
0.77164
0.76662
0.76519
0.76825
0.76416
0.76765
0.76575
0.81643
0.81519
0.81701
0.81271
0.81032
0.81979
0.81296
0.81592
0.81305
0.81180
0.81972
0.81100
0.81105
0.81502
0.80665
0.81601
0.81958
0.81582
0.80845
0.82048
