0.58381
0.57738
0.58442
0.58548
0.58114
0.57704
0.58740
0.58467
0.58544
0.59085
0.58129
0.58538
0.58850
0.58332
0.58317
0.58829
0.58871
0.57759
0.59406
0.58011
0.61816
0.61178
0.62244
0.62567
0.62165
0.60859
0.61696
0.60886
0.59600
0.62202
0.60503
0.61213
0.62405
0.60176
0.61952
0.61590
0.60169
0.61052
0.61554
0.61397
0.67115
0.67036
0.66377
0.67217
0.67134
0.67364
0.66670
0.67325
0.67225
0.66510
0.66924
0.66925
0.67471
0.67180
0.66817
0.66608
0.67450
0.66122
0.67210
0.67182
0.71643
0.71647
0.71850
0.71680
0.71799
0.71471
0.71418
0.71919
0.71019
0.71554
0.71866
0.71985
0.71195
0.71916
0.71713
0.71732
0.71505
0.71505
0.71934
0.72189
0.29828
0.28610
0.28854
0.29546
0.29422
0.29032
0.29932
0.29546
0.29078
0.29260
0.27531
0.27918
0.28446
0.29737
0.29598
0.28474
0.29010
0.29433
0.29298
0.29185
0.36245
0.36105
0.36323
0.36376
0.36118
0.36126
0.36009
0.36142
0.36326
0.36219
0.36353
0.36378
0.36259
0.36276
0.36134
0.36400
0.36165
0.36218
0.36331
0.36452
0.57919
0.57501
0.58323
0.57383
0.58349
0.58081
0.57564
0.57872
0.57711
0.57523
0.58179
0.58258
0.57388
0.57389
0.57344
0.58015
0.57362
0.58338
0.57114
0.57370
0.61021
0.60989
0.61326
0.61239
0.60976
0.61104
0.61344
0.61056
0.59835
0.61202
0.60184
0.60923
0.60556
0.61311
0.61203
0.60842
0.61212
0.61190
0.61430
0.61246
0.70602
0.70335
0.71323
0.70891
0.70966
0.71122
0.71216
0.70944
0.71467
0.71455
0.71846
0.71525
0.71575
0.70584
0.70816
0.71038
0.71118
0.71266
0.70835
0.71117
0.71538
0.71179
0.71659
0.71097
0.70705
0.71648
0.71186
0.71219
0.71546
0.71164
0.71620
0.69464
0.70760
0.71113
0.71738
0.71032
0.71245
0.71645
0.70964
0.71380
