AA	AC	AG	AT	CA	CC	CG	CT	GA	GC	GG	GT	TA	TC	TG	TT
2.03659	0.10906	0.61136	-0.45885	-6.23096	0.48358	-6.47116	-0.82325	0.56086	-0.90812	-0.2959	-0.39416	-2.46492	-0.12645	-2.16721	-0.52781
5.61882	-1.21053	-0.78536	-1.58175	-4.57964	-0.71697	-4.7819	-1.11962	1.00221	-0.40717	-0.10945	0.41821	-2.10561	0.57217	-1.90299	-1.05497
2.21849	-3.63555	-3.1027	-4.12961	-2.69968	2.33217	-2.94087	3.1129	-0.93066	-2.37432	-1.98914	-0.67203	-1.99602	0.86052	-1.74541	-0.27818
0.74287	-0.69658	0.33251	-1.09919	-1.52664	2.01161	-1.75765	3.86376	-0.17281	-2.00788	-1.49001	-1.53916	-2.06812	-0.7768	-1.81249	1.90252
1.2056	-1.20678	-0.36785	-1.55875	-3.15918	-0.81242	-3.40276	1.4704	-0.78213	-2.00697	-1.5956	-1.54933	-1.86068	-0.78579	-1.66114	0.73539
0.73291	-0.91829	-0.40243	-1.38428	-6.37472	1.10413	-6.5916	-0.39298	-0.66429	-1.87806	-1.53709	-0.13517	-1.94523	0.83661	-1.69805	-0.70368
-0.94443	-1.80266	-1.32077	-2.42739	-2.084	0.63294	-2.31191	2.23753	0.56773	-0.80062	-0.44033	0.42159	-1.63633	1.33567	-1.35238	-1.05338
1.86181	-2.20942	-1.76127	-2.64706	-3.30576	3.49901	-3.57628	1.0294	3.20663	-2.94498	-2.44368	-2.56938	-0.83114	0.47561	-0.60011	0.62662
2.343	1.07118	1.21399	0.4475	-2.05918	1.49461	-2.29371	2.37634	0.30622	-1.35308	-0.95928	-0.33219	-3.92487	0.97125	-3.73215	-3.07477
1.0557	-1.05299	-0.43442	-1.49113	-4.54615	3.46719	-4.81704	0.08494	0.66471	-1.9744	-1.58678	-0.93201	-1.29052	1.14148	-1.00757	0.78478
1.66281	-0.51398	-0.17101	-0.89125	-4.92327	0.50192	-5.16371	2.89876	0.85541	-0.61754	-0.1478	-0.19286	-0.61943	0.83543	-0.39325	1.8174
2.41658	-0.28903	-0.02232	-0.65276	-7.12999	-0.61564	-7.29287	-3.09027	-1.8663	-2.97124	-2.74699	5.38434	-1.60208	0.44439	-1.45471	0.96368
0.14464	-0.56178	0.38503	-0.93833	-4.98046	3.36615	-5.17441	1.78372	5.3632	-1.5796	-1.25901	-0.36996	-0.65661	2.00863	-0.49117	2.49724
3.65124	-1.90002	-1.37678	-2.285	-2.15313	5.48041	-2.3553	3.15111	1.90218	-1.92506	-1.47391	-1.39511	-1.86867	0.61768	-1.65966	0.68905
-0.0763	-1.89726	-1.11144	-2.36867	-2.34355	3.23027	-2.61178	3.20368	-0.69496	-1.64745	-1.2958	0.30641	-4.00071	3.47826	-3.73275	-2.05015
0.68393	-0.0608	0.93921	-0.38352	-3.32413	2.61655	-3.51028	2.7552	0.78815	-0.28879	0.02054	0.70433	-1.72217	0.98991	-1.55153	1.33428
4.5591	-0.7983	0.08109	-1.17117	-2.29741	1.61159	-2.52109	1.62068	-1.33034	-2.8988	-2.39173	-2.00221	-2.55557	0.23377	-2.34071	1.34959
-0.65474	-0.78089	4.28119	-1.16618	-2.65798	3.7373	-2.86911	1.56858	2.58312	-1.57222	-1.25804	-0.62135	-2.00514	1.96767	-1.85648	0.89922
3.83334	1.22775	1.84514	0.74783	-1.35056	0.49202	-1.54071	2.9128	-1.20323	-1.86095	-1.51303	0.50846	-0.68001	0.21351	-0.45847	0.95774
0.81395	-0.25332	0.32802	-0.81608	-3.63817	3.98776	-3.85581	4.32026	-0.40199	-3.40711	-3.01606	-2.85015	-0.42476	2.28703	-0.11024	0.29033
