0.68741
0.69071
0.66572
0.68474
0.69915
0.68439
0.71644
0.69463
0.71765
0.69426
0.69133
0.70675
0.66667
0.67772
0.68760
0.70637
0.70955
0.66834
0.71300
0.67807
0.71754
0.73340
0.70303
0.75022
0.73988
0.71003
0.71991
0.73848
0.70544
0.73431
0.73678
0.70769
0.73953
0.71745
0.72640
0.71057
0.72494
0.72539
0.71408
0.69276
0.74239
0.74122
0.75517
0.73059
0.75400
0.75113
0.72980
0.73903
0.73998
0.73137
0.74783
0.73218
0.74380
0.74680
0.73587
0.72693
0.73138
0.72594
0.75034
0.74449
0.80765
0.78714
0.79014
0.77643
0.78611
0.76246
0.78488
0.78613
0.78049
0.77080
0.78705
0.77268
0.79497
0.77859
0.79083
0.78123
0.79326
0.78747
0.79466
0.80021
0.47114
0.41587
0.40063
0.39071
0.42557
0.46995
0.46956
0.45072
0.43123
0.41693
0.35469
0.40480
0.43901
0.46953
0.40968
0.36392
0.41599
0.40874
0.40707
0.38482
0.40838
0.41551
0.42112
0.41679
0.42308
0.41330
0.42191
0.41420
0.41159
0.41063
0.41193
0.41851
0.41627
0.40185
0.40277
0.41408
0.41366
0.41622
0.40681
0.41138
0.65631
0.66033
0.69134
0.67507
0.66627
0.67861
0.66862
0.67148
0.65926
0.67323
0.66334
0.67673
0.65876
0.66982
0.67200
0.69863
0.63343
0.68311
0.66163
0.68084
0.69063
0.68789
0.69157
0.70563
0.70081
0.70162
0.68653
0.69728
0.69666
0.69383
0.68233
0.69887
0.68790
0.68294
0.70525
0.71288
0.67735
0.68933
0.68025
0.71561
0.79908
0.80809
0.79744
0.79436
0.80236
0.77524
0.80009
0.84654
0.81701
0.81866
0.81705
0.80895
0.80556
0.82120
0.79303
0.80797
0.79430
0.78724
0.81460
0.79455
0.81271
0.80795
0.82579
0.82262
0.79553
0.80903
0.79791
0.80176
0.80094
0.79667
0.79451
0.80711
0.79870
0.78810
0.80535
0.80439
0.80389
0.79693
0.80448
0.79138
