0.72562
0.72347
0.72537
0.72488
0.72628
0.72592
0.72706
0.72976
0.72776
0.72978
0.72198
0.72787
0.73226
0.72870
0.72790
0.72416
0.73441
0.71640
0.73319
0.72152
0.67845
0.66261
0.67594
0.68029
0.67245
0.67032
0.67712
0.67149
0.65335
0.67712
0.67519
0.66212
0.68240
0.66675
0.67924
0.67514
0.65880
0.66283
0.66065
0.67338
0.78371
0.78548
0.78637
0.78816
0.79138
0.79064
0.78243
0.79036
0.78664
0.78248
0.78570
0.79048
0.78470
0.78962
0.78471
0.78678
0.79203
0.78449
0.78671
0.78291
0.76451
0.76794
0.77450
0.76938
0.76924
0.77326
0.77001
0.76587
0.76241
0.76757
0.77333
0.76646
0.76096
0.77272
0.76914
0.77187
0.77049
0.77035
0.77083
0.77678
0.53356
0.52557
0.52960
0.53508
0.52833
0.52887
0.53072
0.53004
0.53102
0.53418
0.51301
0.53179
0.52801
0.53438
0.53463
0.53167
0.53294
0.53055
0.53133
0.51980
0.56425
0.56486
0.56636
0.56649
0.56551
0.56210
0.56027
0.56197
0.56429
0.56483
0.56744
0.56590
0.56499
0.56347
0.56439
0.56718
0.56069
0.56437
0.56456
0.56687
0.73730
0.73951
0.74659
0.73826
0.74342
0.73735
0.73958
0.74457
0.74151
0.73720
0.74031
0.74421
0.73977
0.73970
0.73768
0.74082
0.74096
0.74015
0.73776
0.73412
0.77813
0.77972
0.78101
0.77598
0.78023
0.77591
0.78565
0.77988
0.77808
0.77664
0.77521
0.78279
0.77872
0.78110
0.77830
0.78168
0.77647
0.78327
0.78211
0.78220
0.73486
0.73052
0.73388
0.72755
0.73036
0.74093
0.73542
0.73734
0.74023
0.73550
0.73455
0.74006
0.74153
0.73907
0.73429
0.73306
0.73797
0.73471
0.73605
0.73461
0.79670
0.79735
0.79956
0.79439
0.79680
0.79934
0.79589
0.79882
0.79636
0.79748
0.79569
0.78283
0.79721
0.79618
0.79352
0.79538
0.79697
0.79674
0.79113
0.80221
