0.79909
0.78138
0.80290
0.80805
0.79478
0.80131
0.83218
0.79555
0.80890
0.80443
0.78737
0.79951
0.80120
0.79573
0.80649
0.81449
0.81975
0.79596
0.81664
0.80161
0.75443
0.74352
0.74868
0.77074
0.76335
0.75957
0.76198
0.75354
0.74079
0.73667
0.73318
0.74559
0.76904
0.74633
0.77083
0.74910
0.74081
0.72650
0.73597
0.74589
0.85715
0.84453
0.84322
0.83243
0.85666
0.84804
0.84501
0.84242
0.83932
0.84896
0.84040
0.85199
0.84559
0.83938
0.83487
0.83703
0.84262
0.85131
0.85276
0.84441
0.84065
0.83582
0.83216
0.83461
0.84411
0.83313
0.83303
0.81824
0.80751
0.82077
0.84449
0.83807
0.83696
0.82731
0.83090
0.83693
0.82711
0.84046
0.83648
0.83038
0.63834
0.61850
0.63161
0.61744
0.60023
0.60786
0.63993
0.60804
0.59426
0.64585
0.58335
0.60105
0.63676
0.60274
0.63767
0.59272
0.61041
0.63112
0.59550
0.62284
0.61384
0.60817
0.60714
0.59957
0.61354
0.61489
0.60158
0.61032
0.60176
0.60399
0.61109
0.60717
0.60532
0.60378
0.59247
0.60641
0.61446
0.60784
0.61175
0.60937
0.78270
0.78576
0.81062
0.79572
0.79549
0.80410
0.79484
0.80288
0.80060
0.78441
0.81768
0.80312
0.80676
0.79607
0.80211
0.81891
0.79493
0.79223
0.79257
0.81257
0.83204
0.83414
0.83352
0.85394
0.83879
0.83633
0.83465
0.83696
0.83223
0.82990
0.84602
0.83506
0.82269
0.83462
0.82661
0.84571
0.83723
0.83678
0.83830
0.84591
0.80732
0.76475
0.81766
0.78451
0.80112
0.79533
0.80283
0.80858
0.83392
0.82347
0.83041
0.81515
0.79812
0.80813
0.81133
0.81418
0.81866
0.81441
0.79075
0.80297
0.88151
0.86512
0.85429
0.84933
0.89245
0.87157
0.85640
0.86933
0.86447
0.86578
0.86117
0.85816
0.87229
0.86713
0.86014
0.87613
0.87147
0.85144
0.86447
0.88258
