0.81562
0.80069
0.81537
0.81602
0.81083
0.79934
0.80746
0.78739
0.81584
0.81271
0.80896
0.79825
0.80172
0.81185
0.79539
0.81363
0.81258
0.80725
0.81938
0.80952
0.72595
0.72565
0.73207
0.76594
0.73422
0.75617
0.74741
0.75923
0.72776
0.73903
0.75309
0.74675
0.76204
0.75035
0.75196
0.74737
0.74347
0.73389
0.74937
0.74917
0.85027
0.85248
0.84734
0.85261
0.85450
0.84715
0.84580
0.85176
0.84956
0.84699
0.84359
0.84716
0.85592
0.86764
0.84355
0.83691
0.83731
0.84301
0.84224
0.84355
0.85582
0.84581
0.84541
0.83750
0.85256
0.84301
0.84243
0.83038
0.82558
0.83753
0.84514
0.83714
0.83121
0.83992
0.84130
0.82853
0.84339
0.85277
0.85690
0.85501
0.59039
0.61324
0.59528
0.58801
0.56639
0.57337
0.56805
0.55646
0.57427
0.56023
0.54430
0.58085
0.60860
0.60038
0.57322
0.56332
0.55791
0.60139
0.57155
0.62802
0.53684
0.53879
0.53697
0.54488
0.54549
0.54045
0.53945
0.53768
0.53995
0.54148
0.54483
0.54131
0.54100
0.53843
0.53635
0.54105
0.53331
0.53682
0.53854
0.54513
0.69242
0.69468
0.71299
0.68802
0.70761
0.71136
0.70785
0.73044
0.70075
0.71556
0.70218
0.72611
0.71542
0.71681
0.71976
0.72840
0.70016
0.71830
0.69763
0.70673
0.80262
0.81275
0.82526
0.82436
0.82414
0.81066
0.80701
0.82805
0.80748
0.80603
0.80404
0.81376
0.80471
0.80934
0.80573
0.82383
0.82462
0.81017
0.81799
0.82294
0.80862
0.81687
0.84015
0.82824
0.81780
0.83353
0.82076
0.84851
0.85636
0.83910
0.83290
0.81797
0.85912
0.85066
0.82225
0.84277
0.84062
0.84218
0.81087
0.83761
0.90589
0.88067
0.88409
0.88681
0.89320
0.89285
0.89885
0.90048
0.88751
0.87666
0.89217
0.86600
0.87722
0.88838
0.88874
0.89023
0.89717
0.88360
0.88576
0.90284
