0.76878
0.75077
0.77854
0.76162
0.77844
0.76449
0.77147
0.77376
0.76711
0.77810
0.77659
0.77831
0.77637
0.76959
0.76380
0.77645
0.77029
0.76465
0.77971
0.75731
0.71764
0.71249
0.71649
0.74242
0.73777
0.70779
0.74204
0.72731
0.70432
0.72292
0.72668
0.72572
0.73732
0.71340
0.72195
0.73374
0.70772
0.71876
0.72574
0.72718
0.82814
0.83556
0.82627
0.82012
0.83128
0.83751
0.81447
0.82136
0.82322
0.82558
0.83585
0.83367
0.82336
0.81298
0.82239
0.81887
0.81954
0.81911
0.82458
0.82157
0.80740
0.80240
0.80802
0.80609
0.81459
0.80870
0.81094
0.79112
0.80292
0.80058
0.81507
0.80181
0.79576
0.81232
0.80750
0.80942
0.80975
0.81386
0.81101
0.81423
0.58534
0.57802
0.58614
0.59495
0.58346
0.57033
0.58172
0.57432
0.56996
0.55021
0.53955
0.56350
0.57569
0.59051
0.57807
0.56318
0.57884
0.58567
0.57351
0.58563
0.58741
0.58693
0.59144
0.58842
0.59073
0.58880
0.58713
0.58859
0.58336
0.58576
0.59155
0.59137
0.58938
0.58647
0.58303
0.59100
0.58807
0.59074
0.59248
0.58614
0.75690
0.77188
0.78772
0.77188
0.77781
0.77613
0.77622
0.78403
0.77902
0.77715
0.78145
0.78398
0.78266
0.77047
0.77226
0.78835
0.78029
0.78017
0.76614
0.77476
0.81322
0.81292
0.82061
0.82201
0.81296
0.81747
0.82460
0.82199
0.82057
0.81516
0.82430
0.82250
0.81868
0.82751
0.81768
0.81854
0.81715
0.80998
0.82542
0.82678
0.77843
0.76085
0.78840
0.76788
0.78588
0.77053
0.77846
0.79107
0.79833
0.78609
0.79459
0.78493
0.79591
0.79014
0.76901
0.79079
0.79893
0.79282
0.77800
0.78955
0.83674
0.83946
0.82929
0.83226
0.83257
0.84416
0.84588
0.84161
0.83933
0.83178
0.83586
0.83182
0.85655
0.83578
0.83862
0.83168
0.84806
0.84129
0.84096
0.84576
