0.65037
0.64411
0.65167
0.65859
0.64942
0.62776
0.65084
0.64759
0.65162
0.65136
0.65908
0.63899
0.65095
0.65343
0.63990
0.65912
0.65845
0.63291
0.66058
0.65152
0.68152
0.67351
0.67474
0.70984
0.68908
0.67793
0.69484
0.67620
0.65524
0.67021
0.68067
0.66927
0.70160
0.68034
0.67175
0.67781
0.66652
0.68239
0.67766
0.68276
0.71114
0.71776
0.72014
0.70293
0.71367
0.72214
0.70907
0.71275
0.69609
0.70810
0.71773
0.70758
0.70588
0.72413
0.71152
0.70215
0.71350
0.70298
0.72485
0.72326
0.76794
0.76404
0.76037
0.76172
0.75370
0.75289
0.75151
0.76655
0.75503
0.75495
0.75942
0.74924
0.76116
0.76056
0.76356
0.76253
0.75636
0.76023
0.76593
0.76428
0.36094
0.33043
0.37648
0.37123
0.35130
0.35997
0.37555
0.32472
0.37735
0.35608
0.29896
0.31772
0.35667
0.37451
0.37259
0.32652
0.33933
0.37310
0.34289
0.35846
0.38578
0.38919
0.39005
0.38620
0.39266
0.38898
0.38496
0.38423
0.38409
0.38421
0.38956
0.38981
0.38797
0.38315
0.38726
0.38882
0.38701
0.39201
0.38817
0.39338
0.61550
0.61296
0.63978
0.61722
0.62944
0.62109
0.61184
0.64087
0.64297
0.63679
0.63875
0.63756
0.63034
0.63377
0.61720
0.64110
0.61949
0.64378
0.61097
0.63741
0.66922
0.67313
0.67220
0.65601
0.66540
0.66391
0.67136
0.66612
0.67677
0.65272
0.65787
0.67024
0.66997
0.66356
0.67103
0.67279
0.65603
0.66345
0.66351
0.66146
0.75810
0.74946
0.77153
0.75080
0.77638
0.77940
0.77773
0.78436
0.76120
0.77781
0.76847
0.76696
0.76112
0.76068
0.75716
0.77918
0.78193
0.76972
0.77489
0.77034
0.76777
0.76642
0.76681
0.76141
0.76383
0.77144
0.76045
0.77041
0.76920
0.76478
0.76537
0.75816
0.77816
0.76417
0.76369
0.76483
0.77028
0.76870
0.75316
0.77730
