AA	AC	AG	AT	CA	CC	CG	CT	GA	GC	GG	GT	TA	TC	TG	TT
-0.93362	-3.27899	-2.11122	-3.62455	-4.46244	-0.31794	-4.66365	-1.67555	0.06706	-2.17002	-1.31686	-1.60516	-3.69426	6.59071	-3.20105	0.8744
4.33221	-0.29275	-0.13304	-0.71642	-2.63921	0.70025	-2.87473	-1.82219	-1.66416	-2.95005	-2.72609	-0.83435	-2.17394	3.12362	-2.01133	1.4045
1.67159	-1.3468	-0.87962	-1.76914	-2.66628	-1.18821	-2.84381	1.79366	0.10087	-2.86708	-2.18832	-2.3846	-1.94926	3.92542	-1.42703	-0.58902
1.47764	-0.22487	0.21921	-0.69666	-0.79002	0.34722	-1.03557	0.53403	-1.19712	-2.33011	-1.96762	-0.12198	-4.61233	0.97073	-4.43848	0.94982
-0.76872	-1.87946	-1.18447	-2.27401	-0.45375	0.20411	-0.6945	1.71702	0.49021	-0.56198	0.10304	0.97311	-1.52511	2.2313	-1.38836	3.19599
3.34915	0.93777	1.71091	0.59849	-4.47258	-3.94644	-4.7774	0.9805	-2.91995	-4.11184	-3.39793	-2.70043	-4.43981	3.13648	-4.2603	2.79633
0.3902	-0.72483	-0.33209	-1.2686	-1.79085	-0.49169	-2.0647	-0.64576	3.33166	-1.30533	-1.02759	-0.35434	-2.97732	2.34203	-2.76959	0.88755
0.36971	-1.30595	-0.90709	-1.69937	-0.70181	0.87614	-0.91294	0.31089	1.6518	0.20521	0.3834	1.80012	-0.72881	2.87603	-0.56903	2.35528
0.11694	-1.65935	-1.18045	-2.03713	-1.62555	0.83763	-1.77173	0.75176	0.28032	-1.65474	-1.05602	-1.17005	-1.78688	0.49928	-1.31687	0.25931
2.12591	0.36385	0.76592	-0.02382	-1.62175	-1.23809	-1.87727	0.15012	0.11596	-1.59032	-1.09255	-0.59322	-3.06513	1.02655	-2.88091	0.5626
1.22408	-0.51453	0.5155	-0.85917	-2.26467	3.3465	-2.47167	6.52694	2.59006	0.34746	1.30773	0.71248	-4.00789	2.74774	-3.59236	1.04099
-0.49266	-2.41915	-2.11535	-3.04336	-1.15016	-0.11079	-1.44768	0.19775	2.84304	-0.18658	0.15973	0.99161	-2.73157	3.55413	-2.4634	2.89765
-0.9283	-2.58351	-1.7735	-2.89112	-1.57085	-0.34583	-1.75272	1.95193	-0.02256	-1.56557	-1.0245	-0.97818	-4.66323	1.30199	-4.26144	-1.80808
0.8953	-0.72066	-0.35097	-1.28425	-2.26128	-0.77386	-2.54968	-0.93945	1.82071	-3.43927	-3.08243	-2.44661	-1.86165	2.12989	-1.61464	2.47343
2.59242	-1.54617	-1.47564	-1.92902	-1.59763	-0.63674	-1.7268	-0.24915	-2.03663	-3.15137	-2.98193	-1.83619	-1.55977	4.54277	-1.39691	0.39039
1.07515	-0.87437	-0.51314	-1.42851	-1.32098	-0.50462	-1.58564	2.4212	-0.54638	-1.48011	-0.79499	1.09134	-2.76116	2.12147	-2.51982	2.55334
3.99227	-2.09989	-2.31587	-2.64421	-2.94754	-2.26852	-3.14801	-0.89603	-0.68405	-1.78389	-1.60731	-0.56932	-1.99967	1.52332	-1.8672	0.89101
1.64041	-0.84085	-0.54597	-1.40948	-0.6047	2.27988	-0.86025	0.59386	0.59984	-1.41209	-1.03772	0.03015	-3.69866	-0.24606	-3.45686	2.72942
2.59779	-1.01665	-0.37985	-1.38803	-1.50612	-0.29494	-1.68893	0.71237	-1.38986	-2.75006	-2.55174	1.79569	-4.55126	0.54884	-4.38671	1.82067
-1.34643	-2.59783	-2.06262	-3.06669	-1.60925	-0.73724	-1.80605	0.76035	-0.88479	-1.89182	-1.36538	-1.03058	-2.62261	2.66395	-2.17979	-0.87861
