0.48372
0.33084
0.49742
0.50565
0.47652
0.44225
0.48328
0.41416
0.43860
0.48069
0.50914
0.38175
0.44103
0.50075
0.42625
0.39260
0.50875
0.37538
0.43889
0.38586
0.45156
0.40099
0.41610
0.46644
0.46858
0.47588
0.51372
0.28763
0.47522
0.45974
0.42679
0.48000
0.42412
0.50879
0.47992
0.51600
0.43893
0.47007
0.51228
0.42232
0.44622
0.47559
0.44021
0.50692
0.51485
0.50426
0.45738
0.48045
0.48907
0.44364
0.41934
0.46628
0.46804
0.47710
0.50389
0.50425
0.51354
0.36570
0.36708
0.48214
0.47757
0.50591
0.48193
0.50979
0.45604
0.51101
0.51547
0.46731
0.44252
0.47999
0.47522
0.43888
0.45825
0.47357
0.46493
0.43899
0.50725
0.47336
0.47168
0.43675
0.41743
0.49537
0.42398
0.44022
0.46531
0.51102
0.50608
0.37768
0.51624
0.49356
0.45722
0.39084
0.51579
0.49681
0.49013
0.41897
0.42252
0.42843
0.47240
0.48306
0.50505
0.41985
0.48390
0.45284
0.51287
0.50792
0.51292
0.46269
0.42037
0.47540
0.43885
0.41730
0.50539
0.41630
0.42005
0.49780
0.49647
0.47226
0.44831
0.48568
0.50804
0.47733
0.45565
0.49420
0.43384
0.44522
0.38581
0.47897
0.47994
0.40158
0.49878
0.49374
0.51619
0.42514
0.42377
0.43777
0.49056
0.48350
0.50837
0.36205
0.50658
0.50618
0.44962
0.50786
0.51313
0.41743
0.41690
0.49390
0.50618
0.42194
0.47219
0.48710
0.39741
0.47311
0.46356
0.46851
0.41732
0.47601
0.49450
0.35515
0.44662
0.46026
0.50092
0.48251
0.46253
0.46244
0.50936
0.41698
0.43319
0.48085
0.50342
0.41643
0.50314
0.44993
0.48801
0.48880
0.44565
0.51172
0.46413
0.40865
0.50732
0.50311
0.43092
0.45988
0.44650
0.43028
0.46505
0.34176
0.38255
0.45367
0.49117
0.36174
0.44932
0.46750
0.48266
0.47544
0.46785
0.51026
0.40702
0.47249
