0.77542
0.76066
0.77965
0.78135
0.76468
0.76484
0.75912
0.76693
0.76715
0.77344
0.75958
0.76331
0.76630
0.77343
0.76065
0.77319
0.77408
0.76639
0.77863
0.77080
0.71460
0.71382
0.70355
0.72374
0.71601
0.70818
0.71969
0.69617
0.67382
0.70786
0.70189
0.69941
0.72973
0.71445
0.71471
0.71808
0.69485
0.70432
0.72478
0.71332
0.82495
0.82866
0.83513
0.83218
0.83746
0.84130
0.82949
0.83043
0.83238
0.82624
0.82685
0.82962
0.82560
0.83880
0.82420
0.82920
0.83759
0.83431
0.83351
0.83681
0.82115
0.82799
0.82711
0.82638
0.83829
0.82145
0.83123
0.82024
0.81803
0.82459
0.83541
0.81882
0.82456
0.82118
0.82344
0.82191
0.82615
0.82448
0.83179
0.83123
0.53942
0.51765
0.53249
0.53571
0.53495
0.53212
0.53083
0.53108
0.53381
0.51310
0.51438
0.52795
0.54048
0.52786
0.53130
0.51745
0.51461
0.54187
0.51762
0.53960
0.52090
0.51851
0.52007
0.51858
0.51168
0.51676
0.52025
0.51630
0.51832
0.51360
0.52128
0.52292
0.50654
0.51792
0.51294
0.51750
0.51667
0.52334
0.51766
0.52388
0.66868
0.66562
0.68356
0.66755
0.67747
0.67131
0.66635
0.66296
0.67602
0.67224
0.68036
0.68049
0.66680
0.65862
0.66511
0.68280
0.65920
0.67928
0.66439
0.66729
0.78390
0.78330
0.79303
0.78887
0.79399
0.79166
0.77913
0.78694
0.79357
0.77925
0.78475
0.78584
0.78539
0.79563
0.78066
0.78797
0.78227
0.78457
0.79711
0.79266
0.80848
0.80047
0.80247
0.81898
0.81712
0.80980
0.81147
0.80516
0.81794
0.81848
0.82526
0.82135
0.82654
0.81801
0.80762
0.81618
0.82109
0.81720
0.81532
0.80912
0.86996
0.85510
0.86485
0.86120
0.87443
0.86983
0.84986
0.86617
0.86185
0.86315
0.86763
0.86081
0.87883
0.85484
0.86484
0.86641
0.86498
0.85962
0.85425
0.87086
