	young	middle	old
AAA	0.0206	0.0217	0.0221
AAC	0.0278	0.0275	0.0271
AAG	0.054	0.0525	0.0515
AAT	0.0171	0.0181	0.0187
ACA	0.0101	0.0107	0.0112
ACC	0.0234	0.0225	0.0225
ACG	0.0048	0.0049	0.0051
ACT	0.0181	0.0188	0.0188
AGA	0.014	0.014	0.0144
AGC	0.0073	0.0074	0.0077
AGG	0.0012	0.0013	0.0013
AGT	0.0051	0.0054	0.0058
ATA	0.002	0.0021	0.0022
ATC	0.0312	0.0303	0.0303
ATG	0.0238	0.0236	0.0238
ATT	0.0214	0.0221	0.0222
CAA	0.0308	0.0302	0.0296
CAC	0.013	0.0126	0.0126
CAG	0.0142	0.0139	0.0143
CAT	0.0089	0.009	0.0095
CCA	0.0351	0.034	0.0334
CCC	0.002	0.0021	0.0022
CCG	0.0052	0.0053	0.0057
CCT	0.004	0.0041	0.0044
CGA	0.0053	0.0053	0.0055
CGC	0.014	0.0131	0.0128
CGG	0.0019	0.0019	0.002
CGT	0.021	0.02	0.0198
CTA	0.0025	0.0026	0.0028
CTC	0.0263	0.0255	0.0251
CTG	0.0068	0.007	0.0073
CTT	0.0268	0.0265	0.0258
GAA	0.0324	0.0329	0.0327
GAC	0.0224	0.0224	0.0223
GAG	0.0411	0.0396	0.0382
GAT	0.0297	0.0306	0.0309
GCA	0.0117	0.0124	0.013
GCC	0.0271	0.0264	0.0265
GCG	0.0049	0.0051	0.0053
GCT	0.0334	0.0332	0.0329
GGA	0.0476	0.0473	0.0462
GGC	0.005	0.0052	0.0053
GGG	0.0021	0.0023	0.0022
GGT	0.0088	0.0091	0.0091
GTA	0.0046	0.0048	0.005
GTC	0.0273	0.0267	0.0265
GTG	0.0095	0.0098	0.0101
GTT	0.0273	0.0275	0.0271
TAC	0.0212	0.0208	0.0207
TAT	0.0096	0.0103	0.0105
TCA	0.011	0.0115	0.0121
TCC	0.0174	0.0168	0.0167
TCG	0.0089	0.009	0.0094
TCT	0.0167	0.017	0.0166
TGC	0.0101	0.0108	0.0105
TGG	0.0094	0.0097	0.0097
TGT	0.0053	0.0059	0.0061
TTA	0.0024	0.0026	0.0027
TTC	0.0307	0.0305	0.0302
TTG	0.0142	0.0145	0.0146
TTT	0.0088	0.0093	0.0095
