0.45781
0.48860
0.46111
0.43563
0.35599
0.46762
0.46754
0.42102
0.43416
0.44272
0.45735
0.45653
0.49033
0.44631
0.46159
0.44143
0.45586
0.46837
0.56385
0.41642
0.44248
0.53545
0.46745
0.44488
0.47002
0.43780
0.45263
0.45659
0.43729
0.46783
0.46075
0.44810
0.43991
0.44958
0.46682
0.44407
0.44903
0.48424
0.47738
0.49569
0.44177
0.46991
0.43056
0.49064
0.40580
0.41611
0.36826
0.45437
0.44088
0.45387
0.45339
0.46903
0.45277
0.44907
0.34419
0.44823
0.37724
0.45174
0.45700
0.41169
0.43796
0.45416
0.42124
0.37529
0.54816
0.46495
0.45316
0.44729
0.42837
0.44836
0.45598
0.48066
0.44828
0.41337
0.46058
0.45720
0.56316
0.46329
0.44488
0.44285
0.37502
0.46397
0.44698
0.45822
0.44974
0.45882
0.44669
0.41475
0.46612
0.55326
0.46293
0.46343
0.47202
0.45545
0.53310
0.46687
0.46170
0.45884
0.44503
0.45696
0.50216
0.44732
0.46092
0.47821
0.41996
0.44525
0.50556
0.49905
0.44653
0.45231
0.42761
0.46153
0.37330
0.45343
0.45194
0.40874
0.43825
0.38663
0.51249
0.45480
0.45485
0.41459
0.45869
0.36508
0.46203
0.46462
0.54213
0.46877
0.44549
0.30662
0.47033
0.35978
0.44572
0.45897
0.45720
0.44863
0.36585
0.44766
0.45142
0.37318
0.48469
0.45762
0.46602
0.39095
0.47910
0.42076
0.49355
0.46590
0.46377
0.43123
0.46814
0.48206
0.45621
0.44262
0.45451
0.44365
0.46219
0.45402
0.45660
0.45613
0.37513
0.45877
0.46177
0.42617
0.45439
0.44159
0.44342
0.46757
0.44417
0.44579
0.47201
0.46969
0.44636
0.46693
0.49706
0.44540
0.45587
0.44837
0.44331
0.39862
0.44447
0.47740
0.43970
0.47679
0.45952
0.46628
0.45256
0.45800
0.46405
0.44537
0.48574
0.38281
0.49916
0.45761
0.46500
0.46613
0.46175
0.45152
0.46769
0.46865
