0.58164
0.56905
0.39148
0.62059
0.50280
0.39218
0.39217
0.34652
0.61292
0.59677
0.46900
0.39072
0.51490
0.48903
0.57456
0.61680
0.39219
0.37219
0.58411
0.50492
0.52754
0.61365
0.39209
0.39156
0.39235
0.42026
0.52525
0.39168
0.39142
0.41669
0.41705
0.58114
0.61440
0.60558
0.62227
0.60183
0.62295
0.39229
0.39048
0.60402
0.59289
0.47815
0.53852
0.60931
0.37030
0.57782
0.39018
0.51121
0.41993
0.38882
0.39304
0.39193
0.47309
0.61904
0.64643
0.34640
0.61823
0.38573
0.39134
0.39349
0.39145
0.59799
0.52734
0.42071
0.59306
0.58710
0.39097
0.39034
0.41146
0.46926
0.39259
0.39304
0.39171
0.64207
0.32954
0.55736
0.53369
0.47892
0.39126
0.60467
0.34263
0.54364
0.41815
0.39258
0.53262
0.61734
0.39180
0.53597
0.34617
0.38770
0.58752
0.61236
0.39105
0.39357
0.55494
0.38913
0.37041
0.63333
0.63151
0.56699
0.39174
0.39113
0.60146
0.51994
0.63696
0.39289
0.52350
0.41911
0.60502
0.46442
0.53823
0.39161
0.39059
0.34920
0.34653
0.61813
0.39177
0.57116
0.39218
0.61846
0.39262
0.48459
0.53324
0.38784
0.39163
0.39272
0.39119
0.64663
0.39259
0.39115
0.39059
0.49359
0.46845
0.61738
0.64037
0.62413
0.62885
0.63115
0.63325
0.61040
0.44855
0.54298
0.45552
0.34651
0.42106
0.61474
0.39058
0.39116
0.39185
0.42091
0.54101
0.39234
0.41764
0.64732
0.34605
0.57505
0.39209
0.48434
0.39122
0.39217
0.39084
0.54443
0.53597
0.39188
0.50241
0.61530
0.37129
0.39207
0.51616
0.59219
0.55740
0.63303
0.34678
0.39240
0.57428
0.39207
0.39027
0.39261
0.39116
0.39049
0.39133
0.39236
0.44510
0.62426
0.37895
0.39238
0.58780
0.42198
0.62237
0.50727
0.41700
0.39242
0.39224
0.61266
0.46867
0.39101
0.53343
0.39381
0.56358
0.61733
