AA	AC	AG	AT	CA	CC	CG	CT	GA	GC	GG	GT	TA	TC	TG	TT
2.49744	-1.24153	-0.0672	-1.57146	-2.50608	3.82976	-2.6754	3.26253	2.74888	-2.18898	-1.288	-1.22351	-1.0406	3.65858	-0.77354	3.06474
1.63752	-0.19505	0.59838	-0.61588	-3.36126	-0.58919	-3.5119	0.0937	-0.14065	-2.17721	-1.28304	-0.79376	-3.47104	0.3533	-3.21008	1.01963
2.5348	-0.6745	0.05176	-1.04815	-4.76156	2.00593	-4.93846	0.57657	2.16403	-2.77492	-1.49431	-2.04054	-2.96739	3.06218	-2.69787	0.29797
-0.35535	-3.10027	-2.41059	-3.48651	-4.04792	-1.48123	-4.26527	0.62038	1.82818	-0.60028	0.41968	0.5325	-2.01446	1.84599	-1.72527	1.57939
2.45292	-0.83669	-0.19437	-1.24486	-1.53752	1.26553	-1.71089	0.78577	0.08294	-2.0005	-1.05296	-1.19515	-0.69737	2.86402	-0.39977	1.55725
-0.72751	-2.91939	-2.12957	-3.39511	-2.53384	0.06612	-2.69929	0.69687	0.80583	-0.9955	0.26686	0.22809	-1.79963	2.87703	-1.50918	1.93675
3.51605	-2.64737	-2.12999	-3.10923	-3.82558	-0.49651	-4.02708	3.07287	-0.22832	-2.30516	-1.32786	-0.79508	-5.21886	-1.61137	-4.92941	0.93481
1.07251	-2.5783	-1.72144	-2.99613	-0.64729	3.5848	-0.85413	1.46418	-0.2813	-2.88153	-1.69766	-2.27236	-4.14122	1.33804	-3.8536	-0.85595
2.44495	-2.36376	-1.74722	-2.78604	-1.81647	0.30847	-2.00881	1.16842	3.20809	-2.68293	-1.72693	-2.27611	-3.6283	-0.65582	-3.37087	1.49345
1.60567	-1.61105	-0.97464	-1.90626	-2.18622	1.79287	-2.36468	1.26603	4.55195	-2.82043	-1.99159	-1.87155	-1.97912	0.93519	-1.6844	1.04551
0.99035	-1.19111	-0.68476	-1.47802	-1.02231	1.65451	-1.20658	3.38719	0.28151	-1.65152	-0.60881	-0.1804	-2.96951	1.07536	-2.69357	1.4317
3.25939	0.6764	1.28416	0.30236	-1.9811	1.92558	-2.17146	2.02545	1.03091	-2.19332	-1.32828	-0.98296	-2.4631	0.25901	-2.12332	2.61035
1.71326	-0.82476	-0.36496	-1.34023	-2.61608	0.39559	-2.83484	2.73619	-0.23451	-2.58804	-1.56946	-1.64404	-2.77775	2.347	-2.44057	1.04951
2.65241	-0.21977	0.59866	-0.64699	-3.24187	0.41432	-3.43958	1.06969	0.86306	-0.83933	0.09456	0.98065	-4.8563	-1.40409	-4.50689	-0.92229
2.25808	0.00846	0.68373	-0.36114	-3.70276	2.13759	-3.9192	-0.31864	4.52758	-1.83712	-0.86724	-1.01255	-2.82689	2.44492	-2.50009	2.94558
4.83525	-0.82296	-0.04334	-1.16463	-3.24561	-1.49003	-3.43206	2.91051	0.89292	-3.80643	-3.11577	-3.29306	-2.38766	-0.05789	-2.06599	2.8532
2.75422	0.06695	0.64234	-0.35636	-0.80516	2.58939	-1.02957	1.17953	-0.58143	-2.13895	-1.05422	-0.723	-2.95218	0.51956	-2.66093	1.2968
0.72372	-0.97077	-0.26524	-1.31831	-2.94392	1.41281	-3.13125	0.0715	-0.2321	-1.99078	-1.0794	-0.68565	-2.29792	0.18455	-1.98571	0.87822
1.78688	-1.25758	-0.82037	-1.67015	-2.30508	-0.8432	-2.47001	3.85548	1.5943	-0.19527	0.6058	1.941	-2.42458	1.53831	-2.12783	1.60339
1.67047	-0.13521	1.04088	-0.4908	-4.51687	2.06832	-4.69444	1.63749	1.733	-0.8546	0.05731	0.74175	-2.97453	3.91878	-2.67354	3.27271
