codon	RD_young	RD_middle	RD_old
ATAGAG	1.856	1.093	1.316
TGGCCT	1.364	1.192	1.133
ACATCA	0.897	0.721	0.845
GTCTCG	0.698	0.887	0.81
GTGCAC	0.841	0.849	0.804
GGTACT	1.235	1.252	1.118
TATCTC	1.039	1.046	1.107
GTGCTG	0.84	0.96	0.816
AAGCAA	0.671	0.808	0.769
CGTTCC	1.025	0.908	1.113
CTCGTT	0.627	0.818	0.735
CTGAAC	0.814	0.837	0.886
GTAGGA	0.784	0.896	0.831
GACTGC	0.805	0.915	0.932
GTTAGA	0.624	0.82	0.771
CACCCA	1.06	0.552	1.014
ATTTGC	0.787	0.837	0.812
AGATTT	0.805	0.901	0.908
AGGCTG	1.224	1.243	1.199
ACTGTA	0.788	0.895	0.824
CGTACC	0.999	0.835	1.03
GATGGA	1.06	1.535	1.259
CGTCAT	0.925	0.876	1.015
CGTATA	1.71	1.167	1.253
CAGTTG	0.824	0.893	0.854
AGGCAA	1.272	0.711	1.173
AGATGG	0.932	1.023	0.843
AATGTT	0.685	0.855	0.766
AGGTAT	1.089	0.932	1.034
CGAGTC	0.858	0.876	0.844
GGAAGT	0.884	0.929	0.84
TACACA	0.78	0.788	0.917
GCTGAG	0.769	0.889	0.786
CATTCT	1.107	0.953	0.989
CGAAAC	1.248	0.85	1.085
ACGCTG	1.005	1.104	1.022
GACCAG	0.845	0.936	0.983
CTTTGC	0.762	0.797	0.718
TGTCTT	0.978	1.076	1.061
GGAGGC	0.714	0.683	0.726
TGGAGG	1.399	1.057	1.402
CATGTG	0.746	0.778	0.78
ATTCGA	0.861	0.942	0.841
ACGGGT	0.929	0.828	0.759
CCATCG	1.17	0.968	1.082
TATGTC	0.902	0.98	0.874
ATTGAT	0.734	0.839	0.748
GCTCGG	1.054	1.193	1.1
GGGCCC	0.91	0.923	0.699
GGGAAG	1.069	1.006	1.147
GACCTG	1.007	1.268	0.989
CGGCCC	1.331	0.765	1.026
ACCGTC	0.798	0.735	0.866
GTTAAC	0.587	0.774	0.657
TTTTTA	1.065	0.943	1.017
GAATCA	0.792	0.841	0.82
ACTCAG	0.876	0.868	0.984
TCGTTC	0.916	0.843	0.916
AGAGGA	0.703	0.739	0.786
ATTACT	0.699	0.832	0.797
TCTGTG	0.683	0.874	0.716
CTGAAG	0.895	1.004	0.87
GGTTAC	0.956	0.904	0.916
GGCTCC	0.902	0.871	0.752
CGGTCC	1.294	1.296	1.302
GCACGG	1.213	0.936	0.966
CCGCCG	1.78	1.192	1.64
ACGAAC	0.945	0.831	0.866
ATAGGT	1.768	0.849	1.808
GGCATC	1.038	0.903	0.85
GTATGC	0.864	0.873	0.932
CAGGCG	0.746	0.739	0.699
CAAAGT	0.831	0.78	0.824
ACCTAT	0.961	0.922	1.129
GACAAT	0.89	0.917	0.929
ATAGGC	1.788	0.962	1.324
GTTATG	0.722	0.889	0.741
ATGACC	0.866	0.813	0.876
TCGGTC	0.695	0.796	0.757
ACGGAG	0.956	0.844	0.815
AGACGC	0.9	0.878	0.952
AGAGAC	0.795	0.779	0.881
GGTGTA	0.922	0.882	0.721
GCCCAC	0.678	0.512	0.906
ACATAC	0.91	0.808	1.024
TACGAG	0.847	0.906	0.834
CTCGCA	0.788	0.708	0.803
TTCCTG	0.827	0.964	0.884
CTCGGA	0.83	0.862	0.787
TTGGTT	0.663	0.747	0.683
GGTCAA	0.997	0.865	0.86
ACCATA	1.686	0.927	1.383
CATTCA	1.286	0.986	1.142
GCATTT	0.884	0.826	0.8
CGTCTC	0.905	0.904	0.955
ATACGA	3.621	2.231	2.681
ACTATG	0.98	0.904	1.008
TGGTCG	1.164	1.09	1.073
TTTAGA	0.694	0.662	0.588
AACCGA	1.049	1.019	1.054
GTAAGG	0.621	0.762	0.567
GGTATC	1.034	1.013	0.944
CAGGAG	0.711	0.705	0.674
GGGCTA	1.138	1.26	1.232
ACGATA	1.698	0.669	1.33
GTTTCA	0.698	0.786	0.815
GGAGTA	0.755	0.935	0.82
TCTCGA	0.958	0.924	0.912
CGCTGC	0.872	0.939	0.984
AGTGCA	0.989	0.834	0.812
CAACTG	0.755	0.81	0.796
CAGATG	0.742	0.883	0.717
CAAAGC	0.746	0.692	0.72
AAAGAC	0.914	0.797	0.809
TGGTAT	1.272	1.136	1.166
GCCCCC	0.575	0.42	0.727
TGCGTC	0.696	0.735	0.766
CTGTCT	1.023	0.91	1.076
TCGGAG	0.866	0.831	0.804
GATCCT	1.198	1.263	1.317
TACTAT	0.98	1.05	1.075
TGGTTG	1.075	1.022	1.027
CCTGTC	1.376	1.086	1.337
CCTGGG	1.553	1.296	1.728
GGCCCG	0.96	0.874	1.031
ACAGTG	0.774	0.733	0.732
ATACTC	2.14	1.175	1.456
TCATAC	0.926	0.886	0.979
AACTAC	0.844	0.861	0.871
TATGCC	1.052	0.931	1.058
GTGTGG	0.932	0.935	0.837
CCCTGG	1.802	1.374	1.519
AAAAGC	0.829	0.713	0.704
GACCTC	0.885	0.901	0.936
CTTCTT	0.677	0.792	0.744
GGTCGC	1.098	1.035	0.913
GAGAGC	0.77	0.77	0.804
GCTATC	0.807	0.828	0.871
ACTACA	0.925	0.819	0.919
ATCAGG	1.047	0.817	1.004
CGTAAA	0.848	0.819	0.871
GGTATG	1.075	0.958	0.93
TTTGGG	1.066	1.093	1.192
CGGAAC	1.446	1.12	1.443
AGTCAG	1.098	0.926	1.011
GAATTT	0.924	0.997	0.906
AAGATA	0.981	0.732	1.004
GGTGAT	0.948	0.908	0.784
CCTGAC	1.568	1.098	1.356
TTAGTA	0.788	0.828	0.727
CACCCC	1.002	0.414	0.843
CCGCTG	1.502	1.49	1.469
CCCATT	1.283	0.843	1.198
GCTTTC	0.869	0.988	0.898
GGCACT	1.005	0.689	0.943
TTCAAG	0.662	0.81	0.734
TCCGTT	0.699	0.702	0.736
CAAGGC	0.659	0.621	0.665
CATAAC	1.05	0.791	0.926
GTATTA	1.195	1.424	1.05
AAGATT	0.568	0.784	0.706
ATTAAC	0.615	0.681	0.634
TTAACG	0.898	0.959	1.08
TGGCGC	1.286	1.168	1.101
AACCTC	0.732	0.729	0.82
CTCCGT	0.683	0.754	0.73
CGGTTT	1.217	1.295	1.279
GGATTC	0.832	1.016	0.882
GATAGG	1.142	0.895	1.143
CTATGT	1.102	0.905	1.005
GGCCTT	0.952	0.855	0.853
CGTGAC	1.046	1.006	1.051
GTATAC	0.663	0.755	0.76
AGAGCG	0.794	0.66	0.709
AAAGGC	0.879	0.716	0.685
AGGGGG	1.113	1.877	1.226
TCACGA	0.988	0.863	0.924
AAGGGT	0.545	0.698	0.606
GTTCCC	0.936	0.881	0.976
CCTGAA	1.496	1.226	1.363
TCACAT	0.987	0.816	1.029
CGACTA	1.078	0.979	0.985
ACGAAT	1.016	0.957	0.946
TGGCAT	1.503	1.107	1.339
ACTAGA	0.841	0.836	0.926
GGAGCG	0.868	0.786	0.833
AAGCAG	0.708	0.764	0.814
GGGTGC	0.626	0.779	0.858
CGGGGC	0.874	0.611	0.957
CCGAGG	1.727	1.556	1.463
GTTTCG	0.793	0.93	0.757
TCAGAC	1.045	0.851	0.926
CAAAAT	0.678	0.719	0.736
ACGGTG	0.868	0.856	0.678
TATGAC	1.033	0.996	1.0
TGGCTA	1.074	1.007	1.022
AGGAAG	1.141	1.078	1.204
GCGCAT	0.826	0.714	0.972
CCAAAA	0.967	0.748	0.925
CGGATG	1.34	1.435	1.405
GCAGCC	0.812	0.772	0.856
GATGGC	0.945	1.017	0.93
ACCCCA	0.81	0.617	0.946
CTGGGA	1.053	0.996	0.879
CGCGAG	0.946	1.015	0.927
ATGTCC	0.974	0.854	0.928
TCACGC	0.884	0.765	0.87
ATTCCC	1.051	0.786	1.068
CCCTTT	1.579	0.807	1.354
TTGTCC	1.014	0.904	0.887
CCAGAG	1.091	1.032	1.05
AGCGAG	0.82	0.74	0.718
GGCCGA	1.103	0.915	0.929
GGAGGT	0.701	0.709	0.744
TTCTCA	0.838	0.862	0.85
TCCGGT	0.695	0.807	0.704
ATAAAA	1.395	0.938	1.14
CGCACG	0.88	0.744	0.856
GAAGCC	0.829	0.839	0.814
AGAAGG	0.907	1.005	0.88
AGTTGC	1.158	1.006	1.049
CGCCGC	0.772	0.555	0.764
ACAGGC	0.968	0.666	0.78
TGCCCG	0.919	1.101	0.98
ACGACC	0.959	0.799	0.893
AGCCCG	0.831	0.635	0.954
TCGGTA	0.646	0.728	0.676
CGACGG	1.058	1.004	1.057
CACGAC	1.131	0.796	0.968
CTACGT	1.164	0.97	1.064
AGGGCC	1.797	0.228	1.202
CAATCG	0.783	0.809	0.797
TACATG	0.898	0.938	0.907
AACGGA	0.744	0.782	0.745
GAACGA	0.954	0.96	0.955
AGGCAG	1.379	1.406	1.47
GCACAC	0.891	0.726	0.744
GCCGCA	0.791	0.704	0.751
ACAATT	0.874	0.786	0.841
GTTACC	0.792	0.915	0.867
ACGCAG	0.884	0.814	0.854
CTCCTG	0.612	0.664	0.735
AAAGAA	0.772	0.855	0.808
ACATTA	1.176	0.943	0.977
CCGGGT	1.461	1.012	1.537
TTTAGC	1.0	0.85	0.703
GTCACC	0.762	0.807	0.878
CGCCTC	0.833	0.832	0.937
TCTGTT	0.673	0.814	0.777
AACATT	0.774	0.745	0.843
ACCAGA	0.913	0.926	1.005
GCAAGA	0.826	0.78	0.866
CTGGAA	0.845	0.85	0.808
CATTCC	1.171	0.883	1.154
TTACAA	1.422	0.957	1.26
AAATCA	0.808	0.76	0.823
GCGGCT	0.899	0.917	0.855
TACAAG	0.761	0.868	0.857
CGGCCG	1.184	1.3	1.422
GAAGTT	0.746	0.9	0.757
TTCGAC	0.885	0.856	0.829
TTTGAA	0.835	0.882	0.839
CCCGCC	1.339	0.587	1.149
AATCAT	1.044	0.954	0.994
GTAGAG	0.609	0.58	0.552
GCACTT	0.894	0.785	0.868
CATCTC	0.839	0.721	0.975
CAGAAT	0.809	0.865	0.841
CGTGTT	0.813	0.846	0.802
AACTGC	0.702	0.837	0.734
AGCATC	0.793	0.622	0.808
CTACCG	1.458	1.006	1.266
CATCGG	1.294	1.327	1.377
AAGAGT	0.665	0.81	0.739
CTCCGG	0.865	1.054	1.0
GTCCTG	0.833	0.859	0.798
AGCATG	0.847	0.668	0.705
GACACC	1.039	0.929	1.025
CGATGG	1.362	1.406	1.102
AAGTGC	0.816	0.853	0.758
CAGAGC	0.712	0.733	0.748
GAACAC	0.839	0.778	0.912
CGCCGG	0.901	0.849	1.029
GTTCTG	0.816	0.988	0.865
CGGCTT	1.108	1.19	1.174
CGGGCC	1.071	0.838	1.038
GAATTC	0.937	1.024	0.946
GATCGG	1.341	1.406	1.328
ATTAAG	0.534	0.717	0.666
AAGTCA	0.841	0.83	0.972
TCAAAG	0.761	0.792	0.825
TCCCTG	0.687	0.603	0.882
TGGCGA	1.364	1.179	1.022
ACCAAC	0.852	0.764	0.922
GAGGCC	0.837	0.922	0.859
AAGATC	0.647	0.793	0.78
TCAACG	0.836	0.779	0.837
TGGCAA	1.206	1.114	1.155
CATCCC	1.368	0.987	1.196
AAGACG	0.674	0.868	0.748
TGTACA	1.141	0.907	1.08
CGTCAC	0.906	0.853	1.03
TCACAC	1.042	0.777	1.0
GCGATG	0.889	0.896	0.756
CAATGG	0.916	0.891	0.85
ACATTG	0.82	0.832	0.864
ACCCCG	1.124	0.756	1.144
TCATTG	0.841	0.89	0.871
ATTAGG	0.596	0.512	0.655
CGAGAT	1.306	1.05	1.151
ACGATC	0.873	0.886	0.869
GGATTT	0.85	0.959	0.878
GGCGAC	0.959	0.781	0.799
GGAATA	1.795	1.538	1.692
AGGGTA	0.794	0.767	0.658
ATAATG	1.247	1.093	1.048
GATGAT	0.891	1.151	0.946
ACCGAT	0.951	0.858	0.929
ATAAGT	1.351	1.168	1.08
TTAAGG	0.844	1.505	1.201
GGACAA	0.872	0.909	0.872
ACAGAC	1.032	0.843	0.914
GTCGTG	0.578	0.764	0.646
GCCGTG	0.662	0.776	0.732
TTACGT	1.641	1.526	1.404
AATGGC	0.718	0.774	0.666
TATCGT	1.093	1.066	1.192
CAAGAA	0.637	0.718	0.667
TGCCAA	0.694	0.716	0.731
TTTCGT	1.387	1.271	1.043
TTAAGA	1.054	0.925	1.017
CTTCAA	0.71	0.793	0.752
CTCTGT	0.732	0.779	0.755
TGGTGC	0.843	1.028	0.92
GCGGGG	1.088	0.63	0.689
TGCGGG	0.597	0.798	0.87
CCGCCC	1.739	0.55	1.474
ATGCGC	0.777	0.726	0.713
GACCGT	1.016	0.999	1.026
TTTGTT	0.671	0.84	0.74
TGGCGG	1.634	1.399	1.374
AGGCTC	1.442	1.282	1.216
GACGCA	0.857	0.794	0.869
ACGGCG	1.014	0.854	0.893
GGGTCT	1.2	0.944	1.119
AGTTGG	1.572	1.186	1.18
CCCCCG	1.344	0.631	1.396
CACTGC	0.906	0.898	0.982
ACTAAG	0.78	0.891	0.828
CGCTTT	1.031	1.01	0.954
GACACT	0.96	1.02	1.022
GTGATA	1.68	1.415	1.324
GGGACG	0.846	0.944	0.883
GTGTCA	0.822	0.868	0.854
TCTTCG	0.928	0.921	0.89
GCCGCT	0.695	0.73	0.763
AATAGT	1.026	0.816	0.876
GGCTAC	1.044	0.926	0.889
TGTCGT	1.219	1.169	1.183
GACGCG	0.893	0.863	0.817
GAGGGA	0.776	0.864	0.854
CAACAT	0.827	0.684	0.869
GAGAGT	0.836	0.808	0.815
GAAGAC	0.838	0.814	0.765
GGGGTT	0.706	0.986	1.139
ACAGCT	0.907	0.829	0.866
ATCGTG	0.655	0.753	0.649
CAACTC	0.639	0.642	0.67
AATGAC	1.021	0.962	0.933
CTCCAT	0.877	0.701	0.887
CCAGTA	0.973	0.808	0.928
AAAGCA	0.821	0.764	0.817
GTAGCA	0.736	0.728	0.732
AGTCTC	1.052	0.861	0.898
AACGTT	0.632	0.778	0.684
CATTCG	1.155	1.034	1.072
GAGCAT	1.019	1.016	0.971
CATAGC	0.898	0.558	0.864
TCTGAG	0.83	0.85	0.798
GGGGGA	0.956	0.736	0.866
CAGGGC	0.482	0.521	0.606
ACTATA	2.497	1.248	1.824
CGAACT	1.178	1.052	1.125
ATTGTA	0.595	0.718	0.662
ACGCGA	1.149	0.816	1.109
GCAGAA	0.846	0.788	0.788
CTAGAT	1.227	0.986	0.937
GAATCT	0.909	0.927	0.876
CATCAT	1.07	0.9	1.042
ATAAGG	1.36	1.026	1.102
GTGGCA	0.889	0.87	0.808
AGAGAT	0.856	0.92	0.938
GAAAGC	0.722	0.758	0.692
ATCTCA	0.823	0.732	0.834
AACCTG	0.851	0.872	0.87
TGGGAC	1.195	1.109	1.04
CATAAG	0.867	0.75	0.954
GCTAAA	0.782	0.792	0.73
TCGCAT	1.01	0.806	0.935
GTCTTT	0.814	0.853	0.784
AACGAA	0.822	0.81	0.818
TCAATC	0.806	0.824	0.897
ATAGTC	1.826	1.024	1.49
AAGCGG	0.919	0.901	1.043
CTCGAC	0.866	0.778	0.82
CTCAGG	0.867	0.969	0.929
CGAGCG	1.096	1.002	1.002
AGTACG	1.183	0.903	1.088
TGCGCA	0.826	0.814	0.829
GGTAGT	0.873	0.69	0.856
TTCGTC	0.664	0.764	0.697
TTTCGA	1.388	1.269	1.076
CCTACG	1.57	1.275	1.116
TGGGAT	1.07	0.938	0.936
GGCTGT	0.979	0.9	0.774
ATGTCG	0.831	0.844	0.821
TCTATA	2.256	1.457	1.81
TTAGCT	1.263	1.147	1.276
CATACT	1.014	0.924	1.048
GTTGCT	0.686	0.822	0.743
GGAACA	0.931	0.897	0.948
TCGTCA	0.956	0.756	1.008
GAAAGA	0.863	0.974	0.907
TCTAAA	0.778	0.782	0.842
CAACCA	0.893	0.764	0.943
TATTCC	1.004	0.926	1.113
AATTGG	1.335	1.074	1.132
TCATCA	0.874	0.678	0.937
ACTTCG	1.004	0.902	1.031
CTTTCC	0.894	0.763	0.882
AGAAGT	0.92	0.861	0.946
CTAGTC	0.957	0.806	0.891
CCTACA	1.424	0.928	1.337
CGGGTG	0.956	0.722	0.798
TGCACG	0.837	0.9	0.792
TTCCTC	0.749	0.762	0.839
AATGTC	0.786	0.861	0.792
AACCTT	0.667	0.701	0.734
TCAGCT	0.792	0.842	0.821
AAGTGG	0.926	1.033	0.882
CTCCAG	0.564	0.686	0.686
ACGTGC	1.054	0.915	0.932
GATAGC	0.86	0.854	0.862
CCATCA	1.123	0.843	1.217
ACGGTT	0.895	1.044	0.872
GCGAGT	1.026	0.945	0.847
TGGACG	1.198	1.166	0.924
GTGCGT	0.759	0.891	0.686
GGGCAT	1.096	0.982	1.132
GCGGTG	0.751	0.769	0.718
CTGATG	0.846	1.004	0.902
TACTTC	0.92	0.861	0.949
CGTAGT	0.969	1.049	1.045
CTATTT	1.203	0.916	1.018
TTGTTC	0.992	1.023	0.999
GTAAGA	0.665	0.78	0.828
GCACCG	0.865	0.845	0.932
AACTCA	0.792	0.768	0.836
AATAGA	0.944	1.154	1.025
ATCAAT	0.72	0.715	0.782
ACTCCT	0.943	0.929	1.109
AAATAC	0.801	0.671	0.736
CCCGAG	1.33	0.934	1.274
GGCGCG	1.083	0.825	0.938
GGCCGC	0.747	0.618	0.738
AGACAC	0.889	0.852	0.863
CCCGTC	1.317	0.718	1.085
TCTAGA	0.714	0.804	0.862
ACCGGG	0.855	0.614	0.899
GTAAGT	0.255	0.7	0.498
AGAAAT	0.709	0.875	0.81
TGGGGT	0.69	0.816	0.707
TTCTCC	0.8	0.749	0.874
AATCGG	1.435	1.351	1.392
TGTAGG	1.326	0.855	1.158
TCATTC	0.872	0.75	0.891
CGGTGC	1.078	1.156	1.021
TACCTT	0.849	0.82	0.962
CAACAA	0.686	0.635	0.724
GCCTCA	0.808	0.816	0.927
GAGCCT	1.018	1.154	1.01
TGTCAC	1.064	1.252	1.303
CATGGT	0.782	0.733	0.773
GTCGAC	0.8	0.85	0.775
ATGAAT	0.794	0.907	0.791
AATAAG	0.726	0.774	0.851
TCCGTC	0.675	0.655	0.774
CATGTT	0.802	0.825	0.859
ATCCAG	0.607	0.767	0.756
GTCAGA	0.683	0.856	0.86
ATCTTA	0.848	0.944	0.97
TCTCAA	0.749	0.694	0.814
CCGGTT	1.312	1.222	1.27
CGACAA	1.038	1.008	1.027
ATGATT	0.686	0.888	0.785
CCCGCA	1.338	0.688	1.342
AGGGTG	0.778	0.384	0.65
TCAAAC	0.809	0.736	0.841
GGGACA	1.212	0.95	1.132
TGGGTT	0.872	0.918	0.814
CCTCGT	1.566	1.08	1.37
CTTACC	0.917	0.796	0.895
GAGACG	0.798	1.047	0.91
CACCAC	0.705	0.412	0.778
CCGATG	1.395	1.322	1.354
ACGGCA	0.987	0.865	0.84
CACGTA	0.775	0.704	0.86
TGGTTT	1.376	1.134	1.212
ATGAGG	1.01	0.934	0.902
GCTAGA	0.772	0.872	0.767
CCGAGA	1.303	1.336	1.396
CTCAAG	0.636	0.753	0.748
GTCAAG	0.654	0.745	0.711
AGCTCG	0.837	0.866	0.721
CTTGAA	0.752	0.809	0.707
AGATCG	0.99	1.142	0.98
ACAAAT	0.887	0.774	0.849
CACCAG	0.759	0.608	0.808
CCACGC	1.037	0.857	1.006
CTTCCT	0.842	0.908	0.933
GTCCAC	0.679	0.654	0.765
ATATCG	2.57	1.475	1.792
CCCTCT	1.344	1.109	0.954
AAATAT	0.753	0.738	0.768
TTTGGT	0.777	0.88	0.73
GTGTCT	0.768	1.022	0.78
TCCTAT	0.833	0.84	0.905
TCCTTA	1.598	1.128	1.333
CGGGGT	1.037	1.105	0.865
AACAGA	0.89	0.968	0.987
CTCATT	0.718	0.697	0.778
CCAATT	1.027	0.89	1.042
ACCACT	0.857	0.77	0.955
CATCAG	1.049	0.848	1.012
CGGCGA	1.344	1.307	1.605
CATAAT	1.015	0.811	0.842
TGCCCA	0.818	0.807	0.953
CAGTGC	0.909	0.954	0.989
CCCAAG	1.39	0.848	1.266
GCTTGC	0.83	0.992	0.973
GGAATC	0.857	1.009	0.939
AGGACC	1.219	1.0	1.223
CACCGA	0.978	0.828	0.985
GGTTCT	1.11	0.994	0.943
CCAGTC	0.938	0.857	0.992
TACCTG	0.918	0.915	1.027
GTTCGT	0.795	0.928	0.825
TGCAAT	0.809	0.839	0.83
TGCGTA	0.664	0.716	0.66
AAGGGC	0.651	0.69	0.698
TGCTTA	1.269	1.149	1.302
CTCATG	0.829	0.732	0.753
GATATT	0.953	1.167	1.084
AGGGGT	0.624	0.768	0.866
CCCAAC	1.318	0.847	1.325
TGTTCA	1.03	0.982	1.136
TCCTTG	0.879	0.851	0.881
TCAGAA	0.898	0.814	0.86
GCAAGG	1.293	0.925	1.145
GAGACA	0.788	0.893	0.85
GGCTTG	1.016	0.985	0.808
AGACGG	0.912	0.982	1.137
GACGAC	0.95	0.856	0.892
AAAAGA	0.742	0.871	0.803
CCCAGC	1.376	0.75	1.19
CAAAAA	0.603	0.673	0.672
AGGATA	1.74	1.65	1.542
ATTCAT	0.914	0.861	0.917
ATACGC	2.699	1.614	1.752
ATTGAC	0.795	0.792	0.792
AGTTAT	1.166	1.186	1.138
TCCCTT	0.735	0.728	0.826
CCCCGT	1.176	0.74	0.969
AACTTA	1.07	0.922	1.117
CCAGCG	1.094	0.953	0.974
TGGAAT	1.192	1.06	1.128
CCCTGC	1.192	1.028	1.61
CATGCT	0.995	0.909	0.949
TACGTG	0.708	0.821	0.732
CAGCGT	1.025	0.943	1.04
CCGACT	1.556	1.567	1.76
ATGGAG	0.672	0.748	0.688
CTGGTG	0.644	0.804	0.697
TGGTCC	1.312	1.194	1.28
GAAATA	1.731	1.284	1.435
GCCGGC	0.67	0.714	0.682
GTTCCT	0.838	1.038	0.953
GCCGGG	0.786	0.701	0.741
CAAATA	1.247	0.93	1.156
GCGGCA	0.981	0.68	0.843
CTCCAA	0.551	0.61	0.69
GCGCGC	0.733	0.688	1.153
GAACTT	0.856	0.972	0.886
CATCTG	1.176	1.021	1.204
TTACCT	1.368	1.247	1.35
TGCTAT	0.963	1.135	1.099
GGAAAA	0.772	0.846	0.769
TCTGTA	0.716	0.779	0.809
CTAGGC	1.121	0.98	0.994
GGCTTT	0.811	0.906	0.888
AGCGGG	0.902	0.734	0.61
GCCATC	0.818	0.752	0.858
GAGAAA	0.725	0.808	0.726
TTCCCC	0.986	0.888	0.94
GTCCAT	0.716	0.776	0.867
CGCCCT	0.856	0.732	1.041
GTTGGG	0.79	0.826	0.874
TCCCTC	0.683	0.542	0.745
CTCGGC	0.652	0.706	0.705
GCGACG	0.934	1.034	0.794
GTGGAG	0.698	0.684	0.679
AGACCT	0.994	1.077	1.179
TTTGGA	0.825	1.023	0.894
AGTCCG	1.333	1.208	1.18
GCCTCC	0.802	0.628	0.775
TTATCA	1.376	1.041	1.272
CTGTAT	0.994	1.034	0.944
CCAGCC	0.922	0.788	0.947
CAGTTC	0.914	0.931	0.974
CGGCTG	1.102	1.238	1.097
TCGTCC	0.749	0.623	0.898
CAACAC	0.797	0.682	0.887
GGGTTC	0.924	0.962	1.045
GGTTCG	1.044	0.986	0.826
GATGGT	0.807	1.022	0.854
TTCGGA	0.828	1.016	0.883
CGAGGT	0.73	0.704	0.722
ACAAAA	0.829	0.726	0.791
TCGCGG	1.276	1.344	1.023
GATTAC	1.024	1.272	1.166
AAGGCA	0.645	0.685	0.712
ATGCCC	1.01	0.682	1.015
GACTGG	1.221	1.094	1.144
ATATTC	2.365	1.396	1.842
AACCAC	0.66	0.647	0.794
CATCTT	0.865	0.831	0.948
TTGATA	2.189	1.437	1.438
CAGACG	0.83	0.966	0.92
GCACCC	1.001	0.648	1.041
TCGCGA	1.039	0.876	0.841
AGCAGG	1.297	0.471	0.879
CGCCCG	1.005	0.924	1.173
AGTAAT	1.112	0.918	0.899
CCTAAT	1.465	1.168	1.402
TCCGCT	0.643	0.749	0.805
AGTAGG	1.582	1.158	1.367
TCCGCC	0.725	0.622	0.783
TGGTTC	1.316	1.224	1.158
ACGACA	1.024	0.844	0.94
TCCCAC	0.759	0.544	0.79
CAACCC	0.764	0.783	0.733
GCGGGA	0.859	0.82	0.809
TACTGG	1.229	1.119	1.07
GAGATG	0.786	1.013	0.811
TCGCCG	0.964	0.965	0.989
TATCCG	1.396	1.274	1.341
CAAGAC	0.776	0.692	0.706
GTTGAG	0.604	0.785	0.656
CCTGTT	1.321	1.172	1.132
CGTGGC	0.742	0.676	0.764
GGTGAC	0.997	0.939	0.776
ATGGCA	0.836	0.792	0.786
AGAAGC	0.85	0.844	0.883
AAGGAA	0.7	0.772	0.745
ATTTCC	0.962	0.804	0.865
AACATA	1.474	1.062	1.504
GAGCAA	0.8	0.858	0.817
TCGGCT	0.804	0.804	0.792
GATCAT	1.051	1.236	1.249
CTATGC	1.379	1.002	1.2
GTGAAG	0.672	0.86	0.764
GTTTTC	0.753	0.926	0.847
GAGCCC	1.134	0.901	1.082
AACGAC	0.927	0.784	0.799
AGGATT	1.23	0.939	1.202
GGACCA	0.88	0.929	0.9
TGTTCG	1.318	1.39	1.278
GTCAAA	0.683	0.711	0.679
TTAGGC	1.237	1.066	1.217
ATGGAA	0.672	0.754	0.66
TCAGTT	0.746	0.767	0.787
ATCGCT	0.749	0.818	0.798
GCGTTT	1.032	0.986	0.877
ACCTTT	1.019	1.119	1.123
CTCGCT	0.692	0.704	0.79
TTAACC	1.058	1.03	1.073
CACTCT	0.895	0.86	0.88
AAACAG	0.742	0.722	0.753
GAATGC	0.947	1.05	0.893
GTGCAG	0.641	0.825	0.713
GACGAT	0.918	0.953	0.849
TCGCAA	0.908	0.852	0.899
ATGAGA	0.738	0.905	0.794
GTTTGC	0.77	0.868	0.867
AGATCA	0.936	0.937	1.006
AATGAG	0.884	1.002	0.932
AGACAA	0.796	0.822	0.866
AAGTTC	0.871	0.976	0.91
CCTCTT	1.444	1.058	1.205
CTTTAT	0.918	0.901	0.912
TTTAGT	1.094	1.009	0.946
TGCCAG	0.778	0.816	0.832
GCTCCC	0.885	0.787	0.933
TTCGAT	0.865	0.899	0.851
GAGAGG	0.994	1.057	1.207
GCGCAA	0.766	0.756	0.74
GAACTC	0.771	0.878	0.852
TTGATC	0.886	0.966	0.857
CTTATT	0.639	0.727	0.73
GTAACT	0.788	0.857	0.781
TTGCCT	1.038	1.143	1.146
TGCAGA	0.921	0.886	0.853
CTATTC	1.154	0.85	0.999
AAGCCC	0.854	0.683	0.92
CCGTTA	2.434	1.664	2.014
GAGTCC	0.914	1.002	0.949
AAACGC	0.865	0.692	0.73
CCCATA	2.593	1.36	1.736
TCTCGC	1.014	0.769	0.965
GGCCTC	0.754	0.71	0.76
GCTCCG	0.933	1.09	1.039
CGACTT	0.994	0.974	0.994
GTGTCC	0.85	0.852	0.817
CAATTT	0.752	0.728	0.792
CCGCAG	1.491	1.069	1.405
CCAGGA	1.036	1.086	1.09
CGACTG	1.129	1.128	1.055
CGATTT	1.099	1.037	0.929
TGTATC	0.924	1.094	1.058
CCATTA	1.624	1.086	1.46
TACGTT	0.727	0.902	0.834
TTTTCC	0.995	0.992	0.98
ACTGTT	0.74	0.91	0.805
CACAAC	0.931	0.662	0.841
GTGCCA	0.778	0.938	0.802
TCCGAC	0.858	0.834	0.845
TGGGGA	0.988	0.758	0.846
CTTTTT	0.787	0.855	0.728
GCGGCC	0.853	0.772	0.787
AATGCT	0.832	0.864	0.852
TTTAAT	0.802	0.874	0.84
GGTGAA	1.016	0.895	0.856
GAATTA	1.005	1.153	1.039
ATGCAT	0.962	0.892	0.915
TTTACA	0.93	0.83	0.886
CAAATC	0.645	0.696	0.717
GACACG	1.006	1.031	0.984
TTGCGT	1.105	1.047	0.963
GTTCTC	0.694	0.833	0.762
GTCACG	0.766	0.91	0.769
TGGGTC	0.964	0.842	0.872
TGCGCC	0.707	0.678	0.755
CATCCT	1.126	1.014	1.082
CACATG	0.918	0.782	0.861
TTCTTA	1.12	0.964	1.089
AGCTCA	0.841	0.745	0.811
CACTAC	1.073	0.97	1.158
CTAGCG	1.126	0.918	1.055
GAATAC	0.982	1.023	0.958
ACAAGG	1.093	0.794	0.988
AATAAA	0.785	0.775	0.828
TTCATA	2.037	1.236	1.548
AGTACC	1.098	0.93	0.99
CCAACA	1.038	0.859	1.075
CAGCCA	0.876	0.876	0.991
GAACTG	0.893	0.964	0.967
GCACGC	0.93	0.704	0.798
AGTTTC	1.134	1.056	1.062
GTGGGT	0.733	0.838	0.802
GGTTCA	1.047	0.908	0.977
ATTCGG	0.973	1.092	1.066
CGCGCT	0.766	0.78	0.843
AGTGAC	0.956	0.932	0.825
CATCAA	1.009	0.793	0.966
TACACT	0.834	0.871	0.916
TGCATT	0.801	0.82	0.842
ACTGTC	0.786	0.845	0.841
TGCGCG	0.751	0.816	0.783
CTGATC	0.913	0.976	0.885
CTTGCT	0.716	0.787	0.785
CAAGGG	0.823	0.907	0.8
GTGACC	0.844	0.911	0.864
CGAGCT	1.13	0.955	1.009
GGAATT	0.901	1.09	0.98
TCTGGG	0.894	0.811	0.858
ACGGGC	0.857	0.646	0.799
CTCTGG	1.002	1.028	0.953
AAAGTC	0.632	0.67	0.622
CAGGAT	0.862	0.845	0.836
GGCTCA	0.94	0.789	0.759
GCCAAT	0.848	0.795	0.858
CCCGTT	1.325	0.788	1.187
GCCTGC	0.742	0.798	0.922
TCTAAT	0.893	0.774	0.858
AAAATA	1.168	0.917	1.003
CTAACC	1.124	0.836	1.023
GATATA	1.829	1.514	1.623
GTGTTT	0.798	0.99	0.817
TTAAGT	1.102	0.973	0.951
TGGATA	1.829	1.723	1.804
CCCGGA	1.377	1.205	1.435
TCTCAC	0.989	0.791	0.978
TGCTCC	0.971	0.942	0.899
CGCTAT	1.084	1.056	1.022
GGGGTC	0.992	0.914	0.882
CACGGG	1.062	0.835	0.859
GTCCGT	0.697	0.759	0.75
TTACCA	1.497	1.092	1.479
ACCTCT	0.916	0.758	1.062
CCTCCT	1.533	0.741	1.378
CAAGAG	0.634	0.675	0.679
TATAAA	0.866	0.815	0.93
ATCAGC	0.707	0.698	0.682
ACCCCC	0.903	0.588	0.935
AACTTC	0.836	0.79	0.874
AACGCC	0.75	0.727	0.828
GCGAAC	0.962	0.907	0.914
TCTGCC	0.796	0.703	0.854
GAGCAG	0.754	0.824	0.787
ACACCT	0.916	0.742	0.92
CTGCTA	1.144	0.884	0.994
CGTGTA	0.896	0.887	0.774
GAAGTG	0.69	0.695	0.663
CCTGCG	1.5	1.265	1.208
TCGAAC	0.92	0.792	0.842
CAGTGG	1.033	1.032	0.928
TATTCA	1.094	1.059	1.112
CGCCGT	0.838	0.81	0.91
CGACTC	0.933	0.966	0.933
CCCCCT	0.74	0.738	1.155
TATCAA	1.0	0.946	1.051
TGGCCG	1.505	1.181	1.457
GGCGTA	0.742	0.651	0.784
GCTACT	0.811	0.924	0.86
GTTGTT	0.576	0.773	0.625
ACTTCC	1.052	0.89	1.147
GTCGGG	0.874	0.73	0.782
ACCGCT	0.841	0.819	0.908
AGTTTT	1.154	1.131	1.086
TTTCTG	1.089	1.01	1.078
GTTACA	0.653	0.752	0.729
TACATT	0.855	0.898	0.994
CTCGTC	0.648	0.712	0.707
CCAACC	1.096	0.857	1.184
TTCAAC	0.729	0.754	0.76
CTCTTT	0.798	0.72	0.729
ATCTGG	0.992	0.904	0.938
TGCACC	0.77	0.798	0.921
AGAGTG	0.634	0.932	0.745
ACTTTG	0.856	1.006	0.973
GGGTTT	0.873	1.005	1.065
TCATGT	0.923	0.907	0.928
CAGCTC	0.728	0.69	0.747
CACATT	0.864	0.75	0.867
ACAATA	1.689	1.12	1.259
TTGGCA	0.855	0.83	0.808
CAGCTT	0.77	0.757	0.831
TCTAGC	0.802	0.698	0.809
GTTAAT	0.642	0.88	0.782
ACCTTG	0.901	1.01	1.032
AAGTTG	0.72	0.85	0.795
GCCACA	0.75	0.747	0.82
TGCGCT	0.752	0.905	0.786
AAAAGG	0.868	0.909	0.795
GGTCTA	1.223	1.112	0.87
ATTGTT	0.562	0.711	0.683
TTCTTC	0.822	0.874	0.9
CAGAAG	0.744	0.842	0.804
ATAGTA	1.532	1.098	1.359
GCCTGG	1.128	1.048	1.063
TTTTAC	1.006	1.001	1.016
TGTAAA	0.86	0.844	0.887
CACGGT	0.702	0.686	0.832
ACAGTA	0.868	0.704	0.75
CGTAGA	0.946	0.896	0.882
CTCAAA	0.697	0.669	0.714
GGATGC	0.95	1.031	0.936
CATTTT	1.035	0.999	1.003
TTGGCC	0.889	0.867	0.789
GGAAAT	0.841	0.931	0.808
AGACTC	0.747	0.989	0.829
GTGAGC	0.614	0.668	0.673
CAATTC	0.774	0.764	0.853
CGGGAA	1.079	0.954	1.121
ACACGG	1.224	0.998	1.128
ATGGGC	0.781	0.727	0.637
TATCGC	1.437	1.076	1.321
GTTAGG	1.159	1.071	1.019
GGGGTG	0.929	0.87	0.586
GCCATT	0.827	0.771	0.861
CCCGCT	1.238	0.852	1.219
CGTTTG	0.925	1.071	0.988
ATGAGT	0.729	0.876	0.77
ACAGTT	0.769	0.833	0.825
ATGGTG	0.518	0.642	0.522
GGAAAG	0.79	0.933	0.835
CATGAT	1.104	0.931	0.999
TCAGGG	0.862	0.957	0.777
CGAGCC	1.043	1.042	0.986
ATATGG	2.031	1.22	1.48
CTCTTA	1.01	0.944	0.998
AACAGT	0.828	0.679	0.805
AGTAGA	1.242	0.941	1.082
GTGCAA	0.703	0.836	0.723
ACTGGG	0.931	0.896	1.016
GAGGAG	0.626	0.709	0.711
GTAAGC	0.638	0.772	0.521
AACTCT	0.826	0.778	0.842
GACTAT	1.059	1.149	1.152
TGCTGG	1.081	1.134	1.041
CACCCT	1.126	0.726	1.247
GAAGAG	0.657	0.686	0.652
TCATTA	1.283	0.948	1.149
TACTTG	0.899	1.039	0.947
ACCCCT	0.807	0.769	1.014
GCAGAT	1.064	0.896	0.864
CGTGCC	0.801	0.871	0.835
TGTGAA	0.924	1.018	0.904
TCTTCC	0.932	0.67	0.922
CGGGAT	1.035	1.064	1.129
AGCTTT	0.914	0.953	0.802
GCAGCA	0.848	0.751	0.822
ACGTGG	1.37	1.188	1.174
ATAGAC	1.88	1.084	1.721
AAGGGA	0.658	0.746	0.726
GGGCGA	1.199	0.867	1.465
AAAAAA	0.644	0.685	0.713
CAAAGA	0.739	0.799	0.763
CCTCAA	1.361	0.942	1.36
CCTCGA	1.741	1.233	1.573
ACCTGT	0.838	0.857	0.894
GGCCAT	1.046	0.811	0.898
CAGAGT	0.71	0.812	0.742
CGAAGT	1.249	1.315	1.106
CACAGG	1.214	1.7	1.052
GGAGAG	0.868	0.958	0.899
TTCTCG	0.897	0.888	0.857
ATTGGG	0.783	0.781	0.644
AGGTGT	1.109	0.534	1.173
TCCAAC	0.78	0.678	0.808
CGGGCA	1.21	0.886	0.902
CCACTT	1.178	0.868	1.103
CGACCT	1.134	0.929	1.15
ACGCAC	0.988	0.94	0.968
CATGTC	0.815	0.762	0.862
CAACCT	0.861	0.741	0.929
GGTAAT	0.964	0.914	0.915
GCCTTA	0.952	0.994	0.966
CTGGCG	0.925	0.902	0.908
GATACG	0.938	1.106	0.991
GGCGGC	0.722	0.465	0.662
CTAGTG	0.818	0.89	0.86
TTATAT	1.167	1.26	1.326
ACATGT	0.988	0.884	0.939
CCCCCC	1.192	0.814	1.207
TCTATT	0.76	0.857	0.76
CTACGC	1.308	0.806	1.053
AGAAAA	0.648	0.797	0.758
AAATTG	0.654	0.74	0.657
CAGAGG	1.108	1.094	0.927
ACGGCT	1.146	0.954	0.997
CCGAGT	1.529	1.388	1.299
AACAGC	0.725	0.677	0.729
AAGATG	0.631	0.838	0.686
AGGACA	1.339	0.976	1.077
TTGTTT	0.928	0.92	0.888
TCCCAG	0.656	0.695	0.714
ACCTCA	0.898	0.722	0.964
GATGAA	0.903	1.175	0.996
CAAGCT	0.696	0.737	0.747
AAGAAG	0.602	0.781	0.753
GGCGTC	0.965	0.71	0.864
GTTGCC	0.704	0.744	0.74
CTACAA	1.164	0.856	1.034
CCCCAG	1.462	0.838	1.065
GAATGG	1.042	0.99	0.972
ATCGGC	0.644	0.706	0.725
TATCAT	1.038	1.001	1.175
CCTCTG	1.413	1.124	1.322
CCGGGG	1.851	0.919	1.349
TACCAC	0.907	0.656	1.032
GTCTCA	0.722	0.744	0.776
TACTCC	0.98	0.676	1.138
ACAGCC	0.971	0.758	0.853
GTGGGA	0.863	0.902	0.751
CACTGG	1.169	1.136	1.033
AGGCGC	1.339	1.342	1.43
CATGAC	1.225	0.94	1.019
GGTGGA	0.874	0.726	0.763
CGTATT	0.994	0.943	1.031
GGAGCC	0.784	0.905	0.829
AGTACA	1.336	0.857	1.074
AACATC	0.798	0.745	0.854
TGTTAT	0.965	1.134	1.179
GACCAA	0.82	0.866	0.893
GCCACT	0.748	0.889	0.88
TCGGCA	0.868	0.732	0.824
GGCGGT	0.652	0.658	0.618
CTAGCT	1.094	0.845	0.879
TATTCG	1.153	1.069	1.086
ACGCTT	0.978	0.922	0.967
TGCGGT	0.715	0.864	0.722
CGGTGG	1.227	1.242	1.425
CGTTTT	0.946	1.021	0.934
GTGTTG	0.76	0.815	0.724
TCTATC	0.829	0.788	0.877
CAGGTC	0.458	0.726	0.542
AGCCTC	0.599	0.712	0.731
CAAGGT	0.513	0.591	0.609
CCGGCA	1.489	1.081	1.311
GGATAT	0.867	1.018	0.94
TTTTCG	1.027	1.176	0.872
CTGCAC	1.021	0.878	0.94
TCTCCC	0.809	0.781	0.81
CGAGTT	0.834	0.938	0.82
TGGTCA	1.124	1.041	1.091
ATCTGC	0.763	0.818	0.829
GCACAG	0.796	0.731	0.815
CTCACC	0.788	0.602	0.847
AGTATA	2.623	1.759	1.846
CCCTTC	1.487	0.802	1.327
ACGATT	0.87	1.004	0.898
CTCAGT	0.858	0.786	0.794
TATTCT	0.91	0.954	0.978
AGCGTA	0.75	0.486	0.852
GGGAGA	1.386	1.418	1.534
ACTGGA	0.762	0.868	0.821
GGATTG	0.963	1.044	0.957
GTTTGG	0.965	0.914	0.948
ATGGGG	0.764	0.863	0.818
TGTGGA	0.773	0.924	0.789
GCTAAC	0.792	0.844	0.787
GTAGTG	0.577	0.591	0.673
CAGACC	0.848	0.866	0.878
AGACCG	1.039	0.992	0.987
AGCGGT	0.51	0.657	0.575
CCAACT	1.037	0.927	1.171
CATTTA	1.393	1.112	1.248
AGAGAG	0.802	0.895	0.83
TGTGTG	0.697	0.754	0.745
GCAGGC	0.815	0.752	0.557
TTTACG	0.818	0.941	0.87
CTTGTA	0.646	0.754	0.64
TCTCTT	0.779	0.828	0.869
GGCTTA	1.482	1.263	1.165
CGGCGG	1.599	1.221	1.557
ACGCTC	0.965	0.935	0.905
GGGGCC	0.908	0.838	0.752
GCTCAC	0.804	0.776	0.819
TCACCG	1.024	0.925	1.085
AACCGC	1.106	0.948	1.011
CTGTGG	1.097	1.132	1.041
GAGCCG	1.031	1.164	1.082
AAGTAC	0.885	0.89	0.96
TTACGC	1.718	1.406	1.31
CATTTG	0.964	0.861	0.934
GATATC	0.982	1.099	1.076
CAGAAA	0.683	0.781	0.741
TGTGTC	0.681	0.884	0.838
TCGTTG	0.969	1.04	0.931
ACAATC	0.844	0.63	0.837
GTACCA	0.857	0.855	0.898
GCCTTG	0.778	1.016	0.698
CAATTA	0.894	0.892	0.964
GAACCT	1.033	1.137	1.048
GTGCTA	0.938	0.991	0.708
CTGATT	0.841	0.966	0.886
AGTATC	1.024	0.994	0.989
CAGGTG	0.389	0.409	0.397
AGTCCC	1.228	0.866	1.149
TGGTCT	1.297	1.28	1.226
CAAGTG	0.53	0.693	0.584
TTAACT	1.174	1.096	1.069
GTAGTC	0.674	0.666	0.621
CCTACT	1.399	1.065	1.212
GAGGGG	0.694	0.46	0.565
TCAGCG	0.842	0.874	0.812
TGCATA	1.833	1.259	1.515
TATCTA	1.458	1.096	1.267
GAAATG	0.842	0.917	0.814
CACATC	0.927	0.768	0.915
GTTTAT	0.741	0.865	0.823
CTACAC	1.612	0.999	1.352
ACTCGT	0.982	1.066	1.06
TCGCAG	0.911	0.819	0.842
TTAGGT	1.129	1.225	1.103
CCCCCA	1.289	0.724	1.282
ACACCC	1.157	0.708	1.044
GCAGCG	0.876	0.808	0.772
CGCAAC	0.915	0.714	0.89
GCCACC	0.782	0.746	0.871
GCAGGG	1.018	0.747	0.849
ATACCC	2.521	1.874	2.173
CGGGAC	1.261	1.035	1.141
TATAGG	1.423	0.615	0.77
CTGGGG	0.921	0.924	1.072
CCCGTA	1.568	0.924	1.198
CGCTTC	0.999	0.83	1.0
GGGCGC	0.97	0.762	0.991
AACCGT	1.01	0.922	1.058
AACTAT	0.911	0.813	0.915
CATCCA	1.322	0.911	1.171
TTCCAG	0.682	0.762	0.818
AGGAAC	1.314	1.154	1.46
TCTAAC	0.872	0.739	0.867
CGTCTG	0.996	1.048	1.024
TGGCCA	1.279	1.112	1.288
AGTTGT	1.143	1.039	1.053
CCTTGC	1.225	0.857	1.206
ATATTT	1.974	1.412	1.693
ATTAAA	0.614	0.748	0.776
ATGCCT	0.911	0.966	1.034
CCGCGG	2.076	1.176	1.571
ATTCCA	0.961	0.82	0.937
CCTAGT	1.526	1.019	1.184
TTTTTG	0.856	0.981	0.874
GTACCG	0.918	0.904	0.97
GTGGGC	0.794	0.624	0.683
TACGGG	1.078	1.045	0.946
TGCCTT	0.85	0.905	0.884
TGGCTG	1.112	1.096	1.122
TATAGA	0.844	0.927	0.851
TCGCTA	0.854	0.962	0.981
GATCAC	1.11	1.166	1.292
TTAAAA	0.948	0.846	1.032
TCTCAT	0.92	0.871	0.929
CCATCT	1.128	0.819	1.141
TGGGCA	1.102	0.863	0.869
GGACCC	0.832	0.987	0.931
CGTTAC	0.968	0.971	1.083
CCGCAA	1.523	1.054	1.462
GTAGGC	0.754	0.789	0.745
CTATTA	1.384	1.244	1.219
GACTCC	1.004	0.856	1.076
TTTGTC	0.693	0.804	0.741
ACCACA	0.823	0.654	0.919
ATGATA	1.604	1.386	1.272
GATTTT	1.042	1.256	1.089
ATTAGA	0.462	0.577	0.671
CGCAGA	0.813	0.94	0.916
TCAACT	0.878	0.815	0.93
GTGTAT	0.805	0.938	0.946
CGAATG	1.16	1.05	0.978
GCATGT	0.904	0.895	0.91
CCCAGG	1.668	0.404	1.098
AGAGCC	0.88	0.829	0.816
GAAAAA	0.779	0.794	0.753
CCGGTC	1.307	1.06	1.225
GTGCTT	0.746	0.897	0.722
CAGGGT	0.527	0.625	0.484
TCAGGC	0.634	0.668	0.68
TTCCCG	0.954	1.039	1.056
CCTGAT	1.582	1.334	1.36
TTGACG	0.898	0.919	0.764
GACATC	0.929	0.93	0.96
TTGGGT	0.904	0.92	0.704
CATACA	1.145	0.812	1.03
CTGTCC	1.072	0.895	0.945
CCTCTC	1.468	0.718	1.199
TTCACC	0.847	0.766	0.915
CCGACG	1.596	1.486	1.804
ATGTGC	0.76	0.876	0.743
GCGACT	0.972	1.087	0.942
GAATCG	0.908	0.941	0.882
GGCGAT	1.103	0.806	0.868
CCCCTT	1.07	0.323	1.201
TATGGA	0.834	0.981	0.935
CGTCGT	0.952	0.92	0.963
AGTGGA	0.851	0.82	0.736
TTGAGG	0.979	0.912	0.887
CACTCC	0.935	0.548	0.926
ATGGTC	0.727	0.756	0.744
TCATGC	0.872	0.664	0.96
ATCTGT	0.749	0.888	0.814
TTTCAT	1.187	0.898	1.082
TTGCCA	1.036	0.948	1.047
CCGTGT	1.564	1.629	1.501
TATGAG	0.854	1.002	0.948
GGGTGG	0.914	1.007	0.897
GATACA	0.968	0.958	1.066
CCAAGA	1.037	0.955	1.1
AGACAT	0.746	0.825	0.88
GAGGTA	0.374	0.522	0.378
ATCCCA	0.866	0.722	0.946
TTAATG	1.102	1.155	0.96
CGGGTA	0.846	0.996	0.984
CGGCCA	1.097	1.014	1.196
CCGGAT	1.583	1.379	1.471
CTGGAC	0.926	0.802	0.86
ATCAGA	0.775	0.777	0.862
TCGAGC	0.816	0.818	0.732
TCGCGC	0.838	0.795	0.978
AGCCAC	0.796	0.864	0.739
GGCTGG	1.2	0.848	0.997
ATCGGG	0.898	0.836	0.837
TCGATG	0.834	0.872	0.812
CGGCAG	1.339	1.118	1.304
CTCAAT	0.777	0.712	0.787
CCCGAC	1.581	0.898	1.429
GCGTTC	0.965	0.909	0.946
ACAGTC	0.788	0.746	0.815
GTGACA	0.761	0.884	0.798
TACCGT	0.944	0.932	1.016
ACGGAA	0.977	0.891	0.846
GAACTA	1.036	1.018	1.006
GCTAGC	0.706	0.621	0.754
TATTTG	0.932	1.091	1.067
GATAGA	0.971	1.127	1.145
TTACTT	1.442	1.38	1.358
GACCAC	0.831	0.882	0.983
GGTAAA	0.926	0.784	0.878
AACCAT	0.798	0.718	0.775
CAATAT	0.784	0.817	0.912
CAACTT	0.67	0.674	0.754
GAGTTT	1.0	1.244	1.001
CACCTT	0.746	0.762	0.878
GAACGG	1.095	0.964	1.1
CGCGAC	1.075	0.873	0.968
CCTCAT	1.586	0.989	1.54
CGTGAA	1.046	1.174	1.083
TTGCTA	1.021	1.174	0.856
TGCTGT	0.901	1.003	1.09
GCATTC	0.86	0.766	0.845
CTACGA	1.365	1.322	1.155
ATGCAA	0.776	0.843	0.79
TGCAGC	0.692	0.599	0.686
GCCCGA	0.934	0.68	0.864
GTCGCC	0.68	0.74	0.732
GAAAAG	0.767	0.865	0.792
CAAGCC	0.712	0.72	0.77
ACGGGG	1.007	0.762	1.205
GCTACC	0.808	0.761	0.868
TGTACC	1.0	0.95	1.065
CCAAAT	1.212	0.957	1.13
GCCTTT	0.762	0.89	0.79
TTATGC	1.297	1.214	1.182
GCGTGT	1.015	1.077	0.993
TTTCAG	0.728	0.813	0.612
GAACCG	1.082	1.053	1.12
AGGCGG	1.793	1.351	1.416
CGGGCT	0.947	0.958	1.123
TATTGT	0.936	1.159	1.1
CTCTCT	0.748	0.668	0.746
AAGAGG	0.704	0.698	0.776
GCCCAT	0.802	0.647	0.863
TCCATT	0.759	0.729	0.758
AGACTA	0.663	0.916	0.788
CACGAG	0.891	0.781	0.868
CGCAAA	0.764	0.791	0.824
CTGAGA	0.793	0.957	0.814
AGTTTA	1.74	1.299	1.432
AAAAAT	0.713	0.726	0.704
GGTCCT	1.12	1.24	1.005
ATGAAA	0.72	0.81	0.786
ACGCCA	1.03	0.883	1.032
ACTTGG	1.221	1.128	1.298
TCTGGA	0.802	0.85	0.738
ACCCTA	0.922	0.871	1.048
CCGCTA	1.735	1.262	1.364
CACTTC	0.971	0.835	1.058
TTATTT	1.178	1.265	1.211
TCCAGG	1.024	0.782	1.068
TTTTCT	0.875	0.888	0.784
TTCCAC	0.872	0.744	0.879
CCAGAA	1.08	0.953	1.004
GGAGGG	0.883	0.872	0.996
AACAAG	0.662	0.719	0.764
CAAGCA	0.729	0.686	0.77
ACGTTC	1.088	0.933	1.089
CCGACA	1.631	1.15	1.587
GAAGGG	0.781	0.695	0.924
GTATAT	0.862	0.907	0.861
CGTGCG	0.832	0.86	0.752
ACGGCC	0.92	0.916	0.937
ATTGGT	0.653	0.742	0.653
AAGCCT	0.833	0.926	0.942
GGGCTT	0.902	1.028	0.958
AGCGCG	0.84	0.593	0.752
CTGTCA	0.873	0.844	0.918
TCCTTT	0.848	0.813	0.84
CCGGTA	1.161	0.958	0.988
CTCAGC	0.749	0.614	0.718
CGAGAG	1.038	1.15	1.208
GGACAT	0.874	0.911	0.96
ACTGCG	0.917	0.912	0.817
CCACAG	1.057	0.876	1.038
GCGGAT	1.057	0.922	0.889
GGCCCA	0.852	0.673	0.779
GATATG	1.016	1.462	1.314
TTTATT	0.836	0.955	0.914
GGCAGG	1.37	0.983	0.863
CACACC	0.95	0.712	0.957
ACGTGT	0.941	0.952	0.952
TTTAGG	1.297	1.189	1.11
GACAGA	0.967	0.981	1.046
AATTCG	1.208	0.946	0.95
TCCTAC	0.938	0.844	0.989
GGTCCC	1.076	1.1	1.136
CTAACT	1.21	1.034	1.004
TGCCCT	0.894	0.739	1.014
TGCCTC	0.852	0.844	0.864
CCTCAC	1.409	0.934	1.336
GGCCAG	0.844	0.626	0.761
GGCCAA	0.865	0.753	0.747
CGTCCC	1.048	0.804	1.167
ATCCGA	0.765	0.826	0.772
CCTAGA	1.508	1.247	1.458
AGAATG	0.726	0.861	0.761
ACGAAA	0.918	0.878	0.901
TTATGG	1.362	1.178	1.442
CCTTAT	1.505	1.087	1.391
ACCGGT	0.692	0.849	0.771
GGGCCT	0.892	1.189	0.944
ATTCAG	0.652	0.768	0.672
CCACAA	1.011	0.804	1.037
CTTCAC	0.906	0.755	0.885
TCCAAA	0.821	0.723	0.806
TACGGA	0.792	0.896	0.847
AAGAAA	0.503	0.722	0.67
TCCACA	0.768	0.487	0.802
CGTTCG	1.124	1.062	1.096
GAAACA	0.804	0.783	0.822
GCTAGG	0.816	0.513	0.719
ACAGAA	0.922	0.79	0.873
ATGCGT	0.829	0.956	0.862
AAGCCA	0.916	0.9	0.928
CGAAGG	1.516	1.214	1.285
GGTCGT	1.064	0.905	0.914
CAGGCA	0.762	0.724	0.744
GATAAC	0.914	1.002	0.942
AGACTG	0.834	0.969	0.727
GAGTCT	0.952	1.105	0.995
ACTCAA	0.805	0.79	0.951
GGTGTC	0.85	0.916	0.814
CATGGC	0.958	0.797	0.882
GTCTTA	1.151	0.99	1.007
ACCGGC	0.682	0.532	0.831
TATTAT	0.975	1.086	1.244
CGCTTA	1.17	1.126	1.262
ACGCCT	1.128	1.136	1.096
AGCGAC	0.899	0.796	0.74
ACGACT	0.955	0.962	0.977
ATGTGT	0.784	0.895	0.806
CTGTAC	0.987	0.923	0.978
CCGGAA	1.447	1.346	1.32
CCACCT	1.016	0.737	1.179
GCGCGT	0.908	0.933	0.946
CTGAAA	0.832	0.858	0.855
TGCCTA	1.025	0.913	1.018
GTAGCC	0.81	0.734	0.815
CAGCTG	0.762	0.914	0.839
GACGTT	0.86	1.004	0.799
CTAACG	1.128	0.762	0.758
ATAAAT	1.377	0.967	1.279
GGACAC	0.936	0.898	0.974
GCTCGT	0.845	0.889	0.897
CCGTTC	1.532	1.333	1.564
GACCCG	1.121	1.188	1.174
CGGACT	1.305	1.465	1.524
CCCGAT	1.749	1.255	1.44
GCATTG	0.772	0.792	0.802
TGCGAA	0.87	0.908	0.783
ATATGT	2.206	1.404	1.834
AAAATG	0.688	0.713	0.67
ATGTCA	0.842	0.814	0.817
ACGCGC	0.79	0.554	0.92
GTTCTT	0.728	0.855	0.8
CCGCAT	1.657	1.022	1.441
ACCGTG	0.79	0.728	0.75
CAGCAT	0.964	0.752	0.929
GACCTA	0.737	0.721	0.783
AGGAAA	1.058	1.086	1.074
CGAGCA	1.074	0.934	0.958
GCCAAG	0.714	0.788	0.788
TTCCGT	0.797	0.871	0.876
GCTTAT	0.859	0.955	0.958
ACCCGT	0.785	0.81	1.002
TTAGAA	1.106	0.845	1.006
ACAGGT	0.768	0.633	0.715
AGCCGC	0.735	0.636	0.759
GTTTTA	1.079	1.159	0.985
ATCAAG	0.687	0.756	0.778
GAGGGT	0.621	0.668	0.593
TTGCGG	1.172	1.378	0.988
GGGTAC	1.17	0.858	1.216
ACTACT	0.846	0.887	0.947
CCTCGG	1.704	1.142	1.848
CCAGCA	1.024	0.831	1.008
TTACAG	1.082	0.716	1.027
TTGTGG	1.157	0.99	0.984
CTGTGC	0.896	1.044	0.985
ACGTCA	1.035	0.983	1.106
CAGTGT	0.975	1.105	1.06
AGTCTA	1.23	0.907	1.108
ACAATG	0.864	0.727	0.799
TGCTCA	0.9	0.833	0.923
TCAGCA	0.859	0.746	0.875
TATCAG	0.956	0.949	1.034
CACGTC	0.752	0.716	0.744
TCCATC	0.84	0.689	0.888
CAACGG	0.942	1.071	0.915
TCAAGA	0.795	0.832	0.849
AATAAT	0.792	0.829	0.825
GCCATA	1.642	1.112	1.255
TTGGGC	0.742	0.784	0.761
TATATC	0.964	0.908	1.003
CAAGTA	0.586	0.64	0.661
AATTTC	1.278	1.088	1.122
ACTAGG	1.264	0.638	1.182
GCGGTT	0.914	0.914	0.876
TTGTCG	0.943	0.95	0.87
GTGCGG	1.131	1.443	1.049
AACACA	0.656	0.604	0.715
TGTCTA	1.257	1.064	1.124
AGCTTC	0.866	0.842	0.851
AAAAGT	0.831	0.782	0.751
CGTATG	0.872	0.874	0.897
TTATTC	1.363	1.256	1.35
TTGAAC	0.834	0.824	0.807
CGCCAG	0.8	0.861	0.932
AACGCG	0.721	0.698	0.748
TACGCG	1.002	0.938	0.923
AGTGTT	0.829	0.884	0.847
TATGAT	0.991	1.067	1.005
GGGGCT	0.897	0.727	0.963
CCGTTG	1.499	1.426	1.371
ACCGGA	0.797	0.857	0.872
GGAGTT	0.77	0.982	0.866
CTGAGC	0.855	0.898	0.795
TACTCG	0.926	0.969	1.002
GGGAGG	1.256	2.264	2.141
GTCCGA	0.72	0.933	0.79
TGTGGG	0.907	1.005	0.827
TCGAGT	0.941	0.902	0.81
CCTGCT	1.322	1.069	1.211
CAGACA	0.744	0.763	0.806
GATTCC	1.136	1.07	1.122
CACGCG	0.954	0.781	0.856
CATGGG	0.826	0.96	0.851
TCAAGT	0.846	0.792	0.849
TGCGAG	0.722	0.889	0.708
AGCAGC	0.666	0.64	0.612
CCGTCG	1.532	1.392	1.708
TCACCC	1.028	0.663	1.151
GTCATG	0.784	0.771	0.778
TGGGCG	1.073	0.866	0.992
TTCCGG	0.911	1.087	1.027
GGGCAA	1.045	0.919	1.097
GCGTAC	0.952	0.8	0.955
TCCATA	2.506	0.928	1.705
CGTCCA	1.062	0.814	1.03
GGCATT	1.041	0.987	0.842
GCAGTC	0.774	0.762	0.741
TGTAGC	0.865	0.892	0.958
TGGATT	1.149	1.121	1.076
CAGTTT	0.975	1.017	0.962
TGCATG	0.805	0.774	0.756
GAAGAA	0.674	0.789	0.73
ACATCC	0.919	0.626	0.878
TGTTCC	1.133	1.156	1.043
AATTAT	1.078	1.044	1.003
GTCCGC	0.836	0.791	0.759
GGGCAG	1.062	1.003	1.105
GAAAGT	0.916	0.908	0.871
AGATCC	1.036	0.816	1.11
ACGAGT	0.974	0.929	0.918
ACGGGA	1.018	0.872	0.89
AAGACA	0.655	0.768	0.775
ATGCTC	0.708	0.833	0.801
ACTATT	0.782	0.834	0.84
CCAAGT	1.13	0.958	1.046
GCTTGT	0.808	0.977	0.927
CCCACC	1.255	0.904	1.256
CTCACA	0.808	0.591	0.785
CAACGA	0.848	0.802	0.791
TGTACT	1.034	0.933	0.902
TCCGCG	0.757	0.733	0.686
CAGATT	0.65	0.867	0.726
GACGCC	0.939	0.908	0.896
GCCCCG	0.842	0.699	1.004
CAAATG	0.75	0.75	0.767
GAGTGC	0.932	1.092	1.081
GCACAA	0.81	0.688	0.755
GGTTTC	0.99	0.985	0.87
CATACG	1.215	0.747	0.953
GGTCTT	0.921	0.934	0.859
CCATTG	1.116	0.981	1.088
CGTCTA	1.072	0.915	0.937
GCTTCA	0.875	0.911	0.973
CATATC	0.918	0.852	0.961
AATCCT	1.254	1.232	1.233
CAGGGG	0.833	0.815	0.844
TTGATG	0.928	1.036	0.803
CGAGAC	1.437	1.045	1.225
CGCGAT	1.02	1.028	0.981
ACTTTA	1.378	1.34	1.328
CCCTCG	1.477	1.022	0.994
CTTCGG	1.029	1.384	1.122
ACTCTA	1.037	0.946	1.11
TTACTG	1.193	1.248	1.194
GAACAG	0.721	0.78	0.786
AAACAC	0.95	0.685	0.848
CGTCAA	0.852	0.833	0.88
TCGAGA	0.87	0.928	0.833
TGTGGC	0.74	0.878	0.733
AACCCG	0.996	1.062	1.092
CGAAGA	1.094	1.036	1.015
GTCCAG	0.706	0.782	0.736
AACATG	0.704	0.699	0.756
TACACC	0.9	0.748	0.955
AAGCTG	0.738	0.863	0.828
TATACA	1.117	0.794	1.057
GCTGTT	0.686	0.843	0.719
TACGTA	0.758	0.821	0.781
GCAGAG	0.781	0.748	0.789
CTTCCG	1.004	1.002	1.03
ATGAAC	0.711	0.786	0.771
ACGGTC	0.978	0.8	0.977
ATGAGC	0.676	0.763	0.743
CTAGTA	0.687	0.773	0.584
GGACCT	0.818	1.155	0.897
AGGCTT	1.396	1.292	1.428
CTGAGG	0.931	1.164	1.092
ACAGGA	0.914	0.901	0.889
ACCATC	0.881	0.75	0.998
TCTCGG	1.039	1.402	1.296
ACCCTT	0.792	0.717	1.029
CCCTGT	1.482	1.097	1.188
ATGTCT	0.846	0.87	0.833
ACGCAA	0.912	0.87	0.872
CAGTTA	1.144	1.01	1.024
GTCCCC	0.677	0.546	0.844
AGAGCT	0.899	0.91	0.879
TTACTA	1.456	1.815	1.488
GTAATT	0.734	0.704	0.741
AACCCA	0.92	0.758	0.961
AAAACC	0.856	0.707	0.809
TGCGAC	0.922	0.841	0.844
CTGCTT	0.96	0.974	0.867
CGCTCT	0.952	0.978	1.05
AAGTCG	0.833	0.902	0.812
CCAGGC	0.978	1.015	1.019
TCTACT	0.786	0.782	0.84
TGCTTT	0.838	1.01	1.015
ACCAAG	0.776	0.796	0.902
ATCTAC	0.91	0.771	0.861
CTTAAT	0.706	0.737	0.746
GACCAT	0.879	1.017	0.933
GCTGCA	0.787	0.769	0.764
CCGACC	1.65	1.168	1.84
GGACGC	1.078	1.151	1.058
TTAAGC	1.151	0.907	1.185
ACTGAT	0.855	0.95	0.878
ATTCTG	0.863	0.88	0.881
GGGATG	1.378	1.277	1.216
ACATTT	0.809	0.749	0.804
CAGCTA	0.915	0.733	0.906
CCACTG	1.201	0.991	1.128
TTTCAA	1.07	0.99	1.053
CCTGCC	1.326	0.852	1.173
CCGGAG	1.388	1.225	1.312
GGCCGT	0.952	0.758	0.866
AGACTT	0.722	0.961	0.877
TTCCTA	0.814	0.8	0.893
TTCATT	0.756	0.814	0.799
ATACTT	2.133	1.426	1.834
CAAACG	0.75	0.714	0.802
ACCGAC	0.998	0.78	0.936
GGGTCG	1.444	1.272	1.344
GACCGC	0.99	0.891	0.884
GGGGAG	0.818	0.83	0.977
CAAAGG	0.989	1.064	0.814
TTTGTA	0.636	0.74	0.745
ACTTGT	0.925	1.049	1.036
CGCCAC	0.876	0.65	0.691
ATGCTT	0.752	0.916	0.85
ACTAGT	0.895	0.902	0.994
AGCCCC	0.925	0.65	0.874
AGGAGT	1.678	1.196	1.391
TTTGCC	0.883	0.818	0.856
TGCGTT	0.727	0.909	0.757
CGTCGA	0.987	1.011	0.924
GTATGG	1.02	0.796	0.867
TGCCAT	0.861	0.946	0.885
ATTCTC	0.772	0.771	0.794
GCGTTG	0.922	0.858	0.893
ACCTTA	1.08	1.12	1.186
CTACCT	1.363	0.759	1.204
GATGAC	1.005	1.109	0.972
GTCTAC	0.819	0.872	0.858
CGCCTA	0.82	0.792	0.888
TGTTGT	1.136	1.264	1.203
TCCTGT	0.86	0.837	0.946
TGTGCG	0.714	0.894	0.832
CGCTCG	0.987	0.915	1.011
GCGATA	1.494	1.447	1.133
TATGGC	0.84	0.712	0.738
GACATA	1.695	1.113	1.346
AGTTCT	1.209	0.947	1.115
TTCCAA	0.717	0.766	0.782
TTGTTG	0.83	0.963	0.834
GCTATA	1.489	1.195	1.465
CGCGGT	0.632	0.729	0.686
GAGCCA	0.916	1.064	1.014
CATGCG	1.067	0.906	0.926
TGTATG	1.112	0.938	1.025
CCGCGT	1.626	1.619	1.498
GTCGAG	0.674	0.79	0.675
CTCAAC	0.685	0.698	0.747
GTCTTC	0.799	0.871	0.847
GCAGAC	1.06	0.711	0.844
TTTACT	0.914	0.883	0.897
CTCCCA	0.847	0.674	0.855
TGGACT	0.991	1.061	1.025
CCACCA	1.072	0.719	1.077
ATCAAC	0.667	0.67	0.738
GCGCTA	0.821	0.931	1.027
ATCTAT	0.87	0.846	0.916
CCTCCC	1.392	0.956	1.408
TCCGTA	0.621	0.725	0.635
TGTGAT	0.932	1.04	0.89
ACAACA	0.855	0.722	0.873
AGAATT	0.722	0.893	0.808
AGTACT	1.233	1.02	1.011
TTGTAC	1.066	0.96	1.034
CCACTA	1.315	0.832	1.229
AGAACT	0.754	0.869	0.841
CGAGGG	1.177	0.81	1.23
CGTCCT	1.004	0.831	1.0
CGCACT	0.925	0.896	1.022
ACCGTT	0.767	0.811	0.866
GGAAGG	1.313	1.104	1.317
GCATCC	0.889	0.785	0.864
GTACAC	0.875	0.737	0.783
TCCCCT	0.588	0.792	0.914
GAATGT	0.911	1.044	1.01
CGTTTC	0.934	0.983	0.969
GCCCTG	0.753	0.781	0.869
GCTCTA	0.827	0.848	0.976
TTAGAG	1.037	1.152	0.988
TATGAA	0.94	1.018	1.013
CCAACG	1.081	1.036	1.143
AAGAGC	0.74	0.794	0.775
CCGATA	2.472	1.45	1.628
AGCGTT	0.696	0.68	0.685
ATGCAC	0.917	0.798	0.887
GTATCA	0.752	0.833	0.785
CACATA	1.679	0.995	1.551
GATTGG	1.348	1.302	1.238
GCGTCT	1.098	1.074	1.039
GATGGG	1.168	1.589	1.346
CTACAT	1.621	1.124	1.286
CCCGAA	1.581	1.018	1.332
ATGTGG	0.941	0.887	0.859
AAGAGA	0.669	0.812	0.777
CCAAAC	1.206	0.861	1.049
AGCATT	0.768	0.777	0.756
AATCGC	1.554	1.198	1.272
GGCGCC	0.885	0.855	0.745
TGCCGA	0.929	1.155	1.042
ATAGCT	2.359	1.515	1.818
TTACGG	1.738	1.807	1.712
AGGGCT	1.102	0.717	1.233
ATGGAC	0.866	0.826	0.812
CTGTGT	0.948	0.96	0.983
GTTCTA	0.817	1.004	0.857
CTGCGC	1.159	1.083	1.204
GGTAAG	0.827	0.995	0.76
TCATGG	1.172	0.95	1.105
GGGGGG	0.842	0.383	1.05
ATTCAA	0.67	0.782	0.76
TTCTGG	1.108	1.058	0.952
CCTGCA	1.401	0.978	1.211
CCACAC	1.196	0.783	1.094
CACACT	0.836	0.695	0.889
GCTAGT	0.788	0.849	0.752
AGGGTC	1.272	0.53	0.849
TCTCTA	1.043	0.819	1.028
CGCGCA	0.924	0.853	1.078
GGCCAC	0.837	0.676	0.745
CTTACG	0.71	0.814	0.657
CTCTGC	0.656	0.73	0.766
AGTCCA	1.329	0.917	1.114
CATCGA	1.262	1.08	1.122
AAACTT	0.7	0.726	0.717
AGCAGA	0.812	0.706	0.795
AGAGGG	0.777	0.832	1.006
TCATCT	0.886	0.7	0.909
CACTTA	1.195	0.96	1.111
GCAGTA	0.8	0.76	0.763
GTGGTG	0.597	0.692	0.588
CAATTG	0.644	0.77	0.712
ATAGGG	1.543	0.595	1.007
CCATAC	1.248	0.951	1.16
TGTACG	1.084	1.086	1.256
ACCCTC	0.781	0.659	0.837
GCTAAG	0.659	0.753	0.701
CATTAC	1.084	1.033	1.144
GAGCAC	1.0	0.991	1.029
TTCAGG	1.281	1.177	0.93
CCTCTA	1.363	0.969	1.095
GTCCCT	0.732	0.505	0.836
CGGATC	1.724	1.515	1.731
AATCTG	1.11	1.066	1.014
GATCTC	1.032	1.076	1.13
GCGCGG	1.324	1.57	1.014
AACGAG	0.773	0.807	0.792
CCCCTC	1.412	0.478	1.286
CACCGT	0.957	0.761	1.043
GATTCA	0.968	1.156	1.155
ACTGCT	0.778	0.829	0.831
CGTTCT	1.08	0.932	1.028
CGCAGG	1.029	1.299	0.807
TCGGAA	0.87	0.863	0.785
TCGGAC	0.958	0.918	0.822
ATTATC	0.754	0.809	0.828
ATTAGT	0.768	0.832	0.765
ATCGAC	0.82	0.814	0.815
TTGACC	0.968	0.973	0.955
CTAAGA	0.938	0.766	0.941
GTAGAA	0.662	0.694	0.688
TTCCCT	0.768	0.929	0.967
TCTAAG	0.747	0.886	0.827
AGGCGA	1.632	1.315	1.502
GATTTA	1.448	1.673	1.504
GGGCGT	1.114	1.306	1.193
TTTAAC	0.874	0.873	0.789
CATTTC	1.022	0.937	1.12
CGGGTC	0.97	0.864	0.811
TTTATA	2.252	1.354	1.677
GATCCC	1.368	1.283	1.425
GCTTTA	1.157	1.288	1.159
CCATAT	1.13	0.869	1.114
ACGACG	1.079	1.14	1.011
TTTTAT	0.852	0.924	0.818
TACGAC	0.953	0.855	0.95
AGAGTT	0.758	0.885	0.826
GTTGCG	0.734	0.823	0.668
TGGTGT	1.15	1.059	1.004
AGATAC	0.691	0.842	0.874
CCGCGC	1.453	0.984	1.523
CGTAAT	1.011	0.943	0.94
CAAACT	0.682	0.718	0.776
GCTGTA	0.753	0.797	0.78
ACTCCC	1.106	0.825	1.052
GGTCTC	0.987	0.902	0.843
GAGGTC	0.696	0.822	0.756
CCGCCT	1.614	0.789	1.543
AAAGGG	0.782	0.834	0.874
CTCCCG	0.889	0.735	0.913
GGATCC	0.957	0.998	0.954
CTGGCA	0.972	0.861	0.922
TCGAGG	1.115	1.043	1.048
TTCGAG	0.733	0.904	0.788
GAGGAC	0.821	0.883	0.772
GTACTA	0.825	0.758	0.856
AAATCG	0.879	0.804	0.78
TTTTTT	0.895	0.978	0.832
CACTTT	0.955	0.993	0.958
GTTAAG	0.568	0.716	0.678
GTCTTG	0.791	0.989	0.732
CTACTA	1.458	1.038	1.272
GACGTA	0.805	0.88	0.792
GTCTGG	0.896	0.92	0.965
GTAATA	1.591	1.234	1.4
TACCCC	0.82	0.712	0.956
ATCAAA	0.684	0.688	0.731
GTTCGA	0.814	1.008	0.853
GACGAA	0.836	0.904	0.852
CTCCAC	0.754	0.665	0.79
TCATAT	0.897	0.831	0.899
TCGACC	0.871	0.936	0.918
GTTGAA	0.602	0.744	0.658
CTAAAC	1.054	0.883	0.965
TGGCTC	1.219	0.971	1.185
ATAGCA	2.336	1.245	1.767
CAATGC	0.766	0.812	0.776
ATACCA	2.587	1.468	2.124
CGGACA	1.491	1.445	1.705
AGCCCA	0.851	0.711	0.809
TGTGAG	0.848	0.927	0.851
CCGTGC	1.422	1.328	1.665
AGTCGA	1.413	0.977	1.204
GTCAGG	0.878	0.754	0.782
AAGCTC	0.678	0.859	0.825
CGCTCC	1.066	0.868	1.016
CGGATA	2.652	2.257	2.39
CCTTTT	1.273	1.197	1.233
GGTGCG	0.848	0.872	0.632
CTGCGT	0.987	0.977	0.962
TCGGCG	0.822	0.79	0.795
GCGGGC	0.808	0.728	0.79
GATCTG	1.142	1.488	1.229
CAGACT	0.769	0.967	0.884
ATCCTA	0.9	0.756	0.941
CAGCGG	1.119	1.093	1.194
ACAGAG	0.896	0.808	0.844
GACTCG	1.047	1.1	0.956
TACGGC	0.578	0.711	0.685
CGATCT	1.096	1.076	1.034
TTAACA	1.164	0.96	1.178
CAATCC	0.74	0.666	0.822
GCCAGC	0.69	0.617	0.697
GCGAAG	0.801	0.777	0.773
CGGTAT	1.237	1.572	1.423
CCAGTT	0.931	0.868	0.94
CTTGGG	0.952	0.932	0.965
ACACAA	0.784	0.629	0.794
TGTCAG	1.026	0.923	0.94
TTTGCG	0.935	0.932	0.777
TGGAAG	1.045	1.084	1.029
ACCCAG	0.739	0.752	0.881
ACTCGG	1.102	1.073	1.28
TGTATA	2.188	1.696	1.64
CGGTGT	1.402	1.257	1.174
CACTTG	0.882	0.936	0.911
ATCACG	0.808	0.829	0.863
ATGCCA	0.952	0.923	0.984
AGAGTA	0.561	0.701	0.849
ACTAAT	0.839	0.804	0.851
TGTTTC	1.206	1.278	1.215
GCCGCC	0.587	0.595	0.686
CGGCGT	1.431	1.214	1.483
CTCCGA	0.667	0.762	0.696
ATGCTA	0.856	0.879	0.823
TCCACC	0.879	0.662	0.901
CACCTA	0.568	0.471	0.657
CTGAGT	0.875	1.031	0.851
AGCCGT	0.825	0.769	0.738
TCGTTA	1.142	1.166	1.136
TGCTTC	0.904	0.985	0.905
TCCCGA	0.668	0.649	0.752
AAAGCC	0.795	0.768	0.802
CCAATA	1.935	1.075	1.43
CCGCGA	1.621	1.128	1.606
CCATGC	1.025	0.863	1.066
GTCGAT	0.811	0.842	0.779
TGTAAG	0.963	0.958	1.141
AATATA	2.052	1.267	1.576
CCGCTT	1.405	1.099	1.328
GAAACT	0.843	0.874	0.904
CGTCGG	1.016	1.013	0.979
AGCAAA	0.792	0.792	0.74
GGTTGC	1.145	1.068	0.929
ATCGCC	0.81	0.79	0.826
TTAGCC	1.224	0.888	1.008
GCGTGG	1.134	0.971	1.072
GTAGAC	0.854	0.885	0.868
AGCCAA	0.775	0.733	0.667
CTTACT	0.718	0.77	0.815
CAGGTA	0.0	0.0	0.0
TTTGGC	0.867	0.849	0.752
GCCTTC	0.851	0.855	0.882
CATAGA	0.796	0.748	0.71
AGCACT	0.818	0.867	0.731
GCGCAG	0.858	0.821	0.817
TCCCGT	0.74	0.769	0.835
TTACAC	1.579	0.989	1.574
GTTGAT	0.716	0.865	0.715
TCGGGA	0.822	0.865	0.747
TTAGCA	1.356	0.893	1.154
GCGTTA	1.181	0.927	1.009
GTTTTT	0.742	0.888	0.761
AAATTC	0.836	0.747	0.753
GGAGTG	0.725	0.909	0.747
GGCCTA	1.064	0.952	1.008
CATCGT	1.142	0.98	1.02
ATGTTG	0.684	0.837	0.785
ACTCTC	0.903	0.73	1.014
CTATGG	1.25	1.236	1.027
CAGAGA	0.808	0.922	0.868
CCAGTG	0.854	0.867	0.81
TGGACA	1.191	0.992	1.075
ATTACG	0.772	0.817	0.825
AACACG	0.672	0.659	0.762
AGTTAC	1.392	0.948	1.008
TGCCGG	1.228	1.207	1.228
TTACTC	1.416	1.114	1.376
TTCTTT	0.879	0.92	0.868
AGGCTA	1.076	1.762	1.178
ACTACG	1.082	0.967	1.028
GAGATT	0.724	1.013	0.864
TTCCCA	0.815	0.73	0.964
ATGGCG	0.87	0.823	0.762
ATGACG	0.782	0.944	0.787
ATATAC	2.127	1.237	1.478
TCTTGC	1.035	0.912	0.884
GTGTTC	0.802	0.918	0.774
AGTTCG	1.186	1.088	0.996
CTGCCG	1.14	1.153	1.148
AGAATC	0.762	0.919	0.845
TACCCT	0.958	0.858	0.99
AATAGG	1.388	1.117	1.169
AGTGGG	1.144	0.866	1.066
TCCGAG	0.844	0.849	0.784
TATCAC	1.121	0.876	1.161
GTGCGC	0.722	0.762	0.652
CACCAA	0.828	0.755	0.878
GATGAG	0.786	1.156	0.929
ACTGAC	0.843	0.775	0.891
TTAGGA	1.289	1.229	1.123
CTTCAT	0.923	0.777	0.872
AAGGAC	0.785	0.804	0.801
TCGACG	0.966	0.974	0.888
TGCTCG	0.87	0.953	0.83
AAAGAG	0.726	0.79	0.75
ACATGC	0.955	0.77	0.918
AAGCGT	0.874	1.027	0.901
TATGCA	1.018	0.864	0.888
ATCCAA	0.578	0.629	0.722
AATACA	0.912	0.8	0.894
GCATAC	0.965	0.766	0.984
CCCTAT	1.558	1.106	1.289
AGTCTG	1.35	1.182	1.082
ATAGGA	1.954	1.228	1.649
AGATTG	0.76	0.904	0.759
CGTACG	1.124	1.047	1.13
GTGCTC	0.703	0.801	0.729
AAGGTC	0.473	0.67	0.592
ATTTGG	1.049	0.954	0.94
CGAAAA	1.053	1.043	0.963
TGTTGC	1.15	1.192	1.142
TTGAGT	0.985	0.873	0.91
TATGCG	1.098	0.818	0.944
GGGACT	1.362	1.388	1.455
AGGCCC	1.159	0.761	0.966
AACCTA	0.869	0.589	0.735
ACACTG	0.882	0.893	0.938
TCCCTA	0.838	0.637	0.857
CGTGCT	0.827	0.942	0.841
GTCCCA	0.839	0.759	0.862
GAGTCG	0.928	1.126	0.972
TTCGCT	0.724	0.846	0.795
TCGATT	0.915	0.915	0.886
CCTAGG	1.41	0.671	0.673
CTACAG	1.183	0.962	1.026
ACCCGA	0.958	0.832	0.952
GGAACC	0.959	1.072	1.042
CCACCC	1.272	0.688	1.174
TCTTTC	0.822	0.857	0.884
GAGTAT	0.879	1.17	1.097
AATTCT	1.051	0.964	0.947
TCTCGT	0.942	0.88	0.922
CTACCA	1.438	0.865	1.233
TCTATG	0.88	0.857	0.939
TGTTTG	0.976	1.066	1.007
TGCACA	0.794	0.75	0.87
AGAACG	0.81	0.883	0.874
CGGAAT	1.507	1.449	1.438
ATGGCT	0.816	0.851	0.774
GTGCAT	0.839	0.893	0.824
GAATAT	0.899	0.996	0.956
TGCCAC	0.912	0.857	0.916
GAAATC	0.762	0.887	0.776
TTAGCG	1.344	0.923	1.11
GATAAG	0.864	1.162	1.029
TCGCAC	0.978	0.82	1.012
CGATCG	1.15	1.028	1.055
TGTCGA	1.349	1.255	1.429
TACCTC	0.898	0.819	0.958
AGGCCT	1.296	1.429	1.57
CTTATG	0.853	0.869	0.817
CCCAAT	1.51	0.94	1.403
GATTCT	1.066	1.203	1.128
ACATCT	0.832	0.711	0.89
AATTGC	1.033	0.918	0.883
ATTAGC	0.663	0.718	0.699
ACAACT	0.917	0.82	0.915
GCATCG	0.946	0.848	0.868
ACAACC	0.959	0.703	0.971
AATATC	0.945	0.926	0.941
TCCGAA	0.883	0.821	0.825
GTAACA	0.684	0.768	0.701
GAAGGT	0.712	0.798	0.7
AGAGAA	0.795	0.884	0.869
GCACAT	0.903	0.705	0.885
GTACCC	0.942	0.717	0.916
AGGCCA	1.396	1.184	1.392
CAAAAC	0.662	0.677	0.738
GGCTCG	0.89	0.806	0.808
GCTATT	0.768	0.872	0.795
TACAGT	0.995	0.975	1.002
TATAGT	1.02	0.89	0.961
TTCTTG	0.742	1.009	0.888
CTCCCC	0.791	0.511	0.737
CGCCCC	0.646	0.323	0.826
CTGGTT	0.721	0.689	0.732
TTGGGA	0.905	0.922	0.841
TCTTAC	0.92	1.041	0.968
TGGGTG	0.717	0.829	0.716
TTGCTT	0.97	1.006	1.006
AGCCTT	0.834	0.774	0.738
TGTCAA	0.97	0.906	0.997
TTCATC	0.755	0.78	0.866
AAAATT	0.607	0.727	0.679
TACTGC	0.901	1.054	0.945
CAGTCG	0.915	1.066	0.952
TTCCGC	0.852	0.936	0.909
CAGGCT	0.664	0.782	0.753
ATCCAC	0.863	0.782	0.858
GCGGAC	1.173	0.916	0.93
AAAGTG	0.614	0.732	0.601
AAATGC	0.778	0.697	0.716
AGCTGT	0.85	0.912	0.845
GTTGTA	0.532	0.642	0.62
GCCAGG	1.123	0.97	0.977
AAAAAG	0.714	0.762	0.764
GTGTGT	0.704	0.953	0.902
GTGGTA	0.728	0.758	0.701
CGTGGG	0.902	0.881	0.935
GCGCTG	0.91	0.907	0.872
TCGTTT	0.998	1.009	0.842
AATATG	0.999	0.962	0.914
ACCTAC	0.948	0.85	1.022
GCCCCT	0.656	0.736	0.866
TCCGGG	0.729	0.694	0.898
CGTCTT	0.845	0.956	0.97
AACACC	0.752	0.658	0.816
AGCACA	0.892	0.732	0.872
AGATGC	0.802	0.814	0.925
AGTAAC	1.134	0.895	0.998
CTAGGA	1.336	1.057	1.022
CCCAGT	1.474	0.774	1.156
GGACTA	1.096	1.251	1.134
AGTGGT	0.685	0.742	0.674
GGCTTC	0.891	0.824	0.771
TATCTT	0.975	0.973	1.099
GACAAC	0.89	0.842	0.879
AGAGGC	0.674	0.513	0.759
GCAATA	1.752	1.09	1.189
GGTGTG	0.75	0.942	0.658
TTCATG	0.882	0.916	0.873
TTTCAC	1.336	1.007	1.088
ATTGGC	0.646	0.672	0.655
AGGCGT	1.29	0.968	1.265
TTTCCT	1.127	1.124	1.104
CCTGAG	1.36	1.147	1.252
CTAAGC	0.959	0.852	0.865
CCGAAT	1.708	1.244	1.538
ACTGAG	0.81	0.863	0.813
GTTATA	1.508	0.994	1.203
ACCCAC	0.959	0.747	1.052
GTCGTT	0.64	0.74	0.712
TTGTGC	0.956	1.0	0.95
TTGGAG	0.8	0.758	0.726
CATAGT	1.065	0.817	1.014
GCCGTT	0.735	0.774	0.784
GGTCAG	0.987	0.838	0.93
TTCTGT	0.819	0.925	0.879
GAGAAT	0.786	0.932	0.873
CGTAAC	0.934	0.816	0.958
TTAAAT	1.06	0.968	0.968
CTAATG	1.106	1.041	1.031
CTCGAG	0.715	0.809	0.708
ACCTGG	1.232	1.058	1.251
AAACTG	0.786	0.74	0.734
GAGGAT	0.766	0.913	0.783
ATGGAT	0.83	0.857	0.819
GTATCG	0.72	0.836	0.734
ATTCCG	1.09	0.983	1.034
ATAATC	1.31	1.008	1.138
CGGAGT	1.708	1.253	1.759
GTCGAA	0.707	0.752	0.675
CCACGG	1.359	1.113	1.283
CATATG	1.031	0.875	0.946
GGACAG	0.886	0.935	0.852
ATCCTC	0.696	0.685	0.756
TCTCCA	0.92	0.731	0.948
CTATCA	1.148	0.723	1.051
CTTTTA	1.175	1.071	1.037
GGGCTC	1.036	1.016	0.97
CTGTTC	1.0	1.03	0.982
AGGTCA	1.203	0.712	1.367
TCCGCA	0.706	0.651	0.738
GGTGGT	0.668	0.54	0.654
CCCATG	1.359	0.913	1.244
GACAGG	1.27	1.142	1.043
CGCGCG	0.634	0.677	0.779
CTCTCG	0.774	0.696	0.824
AACTGG	0.944	0.864	0.886
CGAACA	1.12	0.918	1.042
GTAAAT	0.723	0.774	0.652
GAGACC	0.852	1.126	0.982
TCGCTT	0.968	0.885	0.964
CGCGAA	0.999	0.976	0.994
CTTGTG	0.579	0.769	0.649
ATGATC	0.755	0.826	0.794
ATCATA	1.795	1.18	1.415
ACTGCC	0.844	0.808	0.877
CGGTAC	1.323	1.334	1.388
GTTTCT	0.738	0.94	0.761
TCAGAT	0.941	0.846	0.845
AGACCA	0.899	0.859	0.936
GGAGAT	0.872	1.012	0.883
TCGCTG	0.893	0.968	0.929
GTTCCG	1.069	1.171	1.024
CTAAGG	1.67	1.252	1.65
GTGACG	0.777	0.921	0.76
ACCCAA	0.769	0.635	0.919
TATACG	0.993	1.078	0.961
GAACGT	0.935	0.985	0.985
AACGTA	0.603	0.586	0.637
TCTTTA	1.327	1.086	1.328
ATTTAC	0.891	0.893	0.884
TGCTCT	0.903	0.966	1.009
TGGTAC	1.251	1.159	1.138
TCGGCC	0.747	0.821	0.802
GATTTC	1.088	1.318	1.149
GGAAAC	0.817	0.912	0.806
ACTTCA	0.897	0.813	0.99
TTTCTA	1.144	1.184	1.072
GGCCTG	1.037	0.852	0.881
CTGTTG	0.744	1.06	0.877
GTATTC	0.756	0.809	0.779
GTACAG	0.759	0.689	0.753
AGGTGG	1.435	0.574	1.115
CTTAAG	0.566	0.798	0.796
AGGCAT	1.606	1.262	1.379
CCCACT	1.384	0.932	1.319
ATAAAG	1.704	1.201	1.455
TGTCCA	1.21	1.112	1.244
CTGTCG	0.954	1.012	0.924
CACGAA	0.95	0.737	0.856
GCTGGC	0.686	0.76	0.741
AAAACA	0.729	0.675	0.812
ACGTCT	1.097	1.054	1.08
GCGATT	0.976	0.93	0.857
CCTGTA	1.271	0.956	1.094
GTCGGT	0.539	0.633	0.608
TTTTCA	0.986	0.889	0.924
ATGTTT	0.897	0.85	0.837
TGTTGG	1.547	1.13	1.205
TACAGC	0.858	0.857	0.785
TCCGTG	0.559	0.757	0.752
TCGACT	0.937	0.903	0.941
CGAAGC	1.148	1.144	1.193
GGAGGA	0.832	0.9	0.824
TTCGGG	1.032	0.956	1.03
TTTCCA	1.198	1.043	1.124
AGCGCA	0.92	0.61	0.693
ATAAAC	1.332	1.047	1.144
ACCGCG	0.901	0.698	0.77
AACGGG	0.973	0.772	0.92
GGTGGC	0.807	0.677	0.71
GCTCAT	0.824	0.806	0.876
GCTCTC	0.717	0.773	0.848
TGCTAC	0.886	1.05	1.007
AAGGTT	0.475	0.644	0.594
ATGATG	0.794	0.906	0.776
GGAATG	0.976	1.022	0.928
TGTTCT	1.051	1.192	1.112
CACCCG	1.06	0.807	1.196
AAGACC	0.748	0.714	0.834
ACTCCA	0.983	0.84	1.136
TTCTAT	0.963	0.916	0.984
CCGTCT	1.678	1.265	1.86
TATCGA	1.237	1.15	1.163
GGGAGC	1.076	1.105	1.102
AGTCGC	1.489	1.059	1.141
AGACGA	0.882	1.024	0.968
CTCTTC	0.806	0.71	0.818
AACACT	0.702	0.714	0.725
CACAAA	0.898	0.66	0.879
TGTTTT	1.08	1.265	1.124
GCTCCA	0.844	0.781	0.907
GGCAGT	0.95	0.751	0.706
GGGTGT	1.006	0.846	1.055
GGATAC	0.953	1.015	0.974
ATGCTG	0.779	0.947	0.801
CTCGGG	0.933	0.746	0.889
GGGCTG	1.236	0.697	1.022
ACCCAT	1.032	0.807	1.195
CCACCG	1.029	0.879	1.168
GCGGAA	0.934	0.807	0.783
GGCGCT	0.904	0.782	0.778
AGCCCT	0.796	0.898	0.907
GATGTT	0.821	1.133	0.97
TTGCAC	1.032	0.893	0.913
TCTGAA	0.856	0.812	0.849
CTTGAC	0.84	0.798	0.839
CGCGGG	0.792	0.454	0.873
GAACCC	0.924	0.97	1.055
CTTAGG	0.905	0.544	0.802
CCGTTT	1.73	1.551	1.589
AGGAGA	1.038	0.918	0.897
CGCAAG	0.783	0.835	0.829
GCCCGC	0.755	0.611	0.802
CCACGT	1.027	0.957	1.128
GGTTTT	1.027	0.996	0.82
GCATTA	1.1	1.013	0.978
AGTCTT	1.02	0.973	0.918
ATGCGG	1.112	1.11	1.016
GCCTAC	0.876	0.924	0.909
TTCAGT	0.871	0.804	0.871
GGGATA	2.291	1.632	1.795
CCGCAC	2.006	1.088	1.953
GTTAAA	0.594	0.758	0.697
CGAGTG	0.793	0.865	0.756
GGCAAG	0.929	0.886	0.812
GCACGA	1.008	0.969	0.941
TCTGCG	0.83	0.944	0.848
TTTGAC	0.887	0.845	0.809
TTGAAG	0.806	0.916	0.774
CCTTCG	1.479	1.006	1.348
CCCAGA	1.482	1.063	1.096
AACGCA	0.777	0.691	0.739
CTTAGC	0.708	0.77	0.706
CTAAAA	1.005	0.843	0.915
GAACAT	0.958	0.854	0.955
CTAGCA	0.982	0.761	0.858
ACCGTA	0.789	0.614	0.926
GCAACA	0.947	0.8	0.881
CAGTCC	0.936	0.774	0.787
CGTGGA	0.889	0.949	0.884
AACCCC	0.886	0.732	1.064
GGTAGG	1.289	1.55	1.855
ACCAGG	1.394	0.964	1.166
CGGACC	1.515	1.377	1.718
AGAACC	0.907	0.908	0.964
GTGGAT	0.896	0.884	0.807
AGGAGC	1.4	0.485	1.173
AAGCCG	0.964	0.966	1.042
GCAAAC	0.912	0.765	0.856
TGCAAA	0.724	0.73	0.729
AAACCG	1.074	0.86	0.941
CATGCA	1.092	0.881	0.934
GCGCTC	0.864	0.812	0.884
GAGCTG	0.846	1.062	0.936
TTGCAT	1.061	0.869	1.001
TGGCAG	1.251	1.094	1.151
AACTGT	0.728	0.987	0.835
ACTCTT	0.821	0.893	0.938
CCTGGT	1.209	1.248	1.221
TCAGCC	0.869	0.698	0.882
ATACGG	1.917	1.35	1.784
CGCGCC	0.701	0.731	0.827
GCTCAA	0.702	0.764	0.796
ACCAAA	0.857	0.723	0.928
CTTCGA	0.832	0.974	0.825
AAGTCT	0.868	0.972	0.897
GTAGTA	0.487	0.498	0.487
TTTCCC	1.218	1.051	1.158
TCTGAC	0.843	0.822	0.804
TTAATT	1.067	0.962	1.013
GTCCTT	0.685	0.767	0.775
TTCGGC	0.69	0.682	0.704
TGCAAG	0.705	0.854	0.736
GCAACG	0.898	0.879	0.856
TCAAGG	1.269	1.1	1.051
GGTGCT	0.805	0.852	0.768
AATGGT	0.619	0.762	0.678
GTTAGC	0.563	0.591	0.601
GCGTAT	1.102	0.998	1.008
TACTGT	1.023	1.146	1.135
TCCTCT	0.778	0.6	0.756
CTCTAC	0.896	0.741	0.842
ATAACC	1.478	1.014	1.241
TTTGCT	0.821	0.898	0.816
TCTCCG	0.988	0.867	1.096
CTTTGG	1.026	1.025	0.97
CAGAAC	0.736	0.746	0.771
CCTCAG	1.266	1.044	1.167
GATACT	0.986	1.056	1.045
CTATAT	1.104	1.025	1.036
TTAATC	1.016	1.036	1.074
CTTCTA	0.988	0.761	0.883
CTCTCA	0.795	0.619	0.806
ATTGCA	0.708	0.675	0.717
CTGTTT	1.0	1.047	0.942
GCGAAA	0.871	0.746	0.75
GTTCAA	0.655	0.804	0.732
CAGCAG	0.818	0.784	0.828
GGGCGG	1.323	1.162	1.434
GTCAAC	0.72	0.725	0.762
CGATAT	1.234	1.22	1.208
GATCGA	1.272	1.353	1.269
ATGCCG	1.03	0.989	0.992
ATATAT	1.847	1.086	1.626
GGCAAT	0.95	0.759	0.91
CGACAT	1.201	1.026	1.181
ATCCGC	0.732	0.707	0.794
CAGCCG	1.046	0.988	1.112
GTAAAA	0.595	0.602	0.606
CTTAGT	0.717	0.736	0.683
TACTCA	0.97	0.934	0.972
ATACAG	2.183	1.339	1.508
AATACC	0.996	0.798	0.944
CGAACG	1.185	1.03	1.06
GGAGCA	0.865	0.807	0.8
TCGAAT	1.0	0.936	0.9
CCCCTG	1.131	0.93	1.266
ACATGG	1.183	0.915	1.073
GATGCG	0.895	0.931	0.912
AGGACG	1.319	1.487	1.068
TTAGAT	1.114	1.069	0.997
ACGTTT	1.167	1.091	0.974
CTGCAG	0.967	0.937	0.956
ATAGCG	2.308	1.901	1.204
CGTTGT	0.879	0.945	1.009
CGTCAG	0.845	0.887	0.868
GTAGTT	0.603	0.734	0.65
GATGTG	0.795	0.938	0.78
GGACTT	0.903	1.058	0.923
AGCCAG	0.779	0.742	0.769
GAGCGT	0.921	1.103	0.972
CGGTTC	1.315	1.372	1.627
TGGAAC	1.169	1.13	1.117
GCGAGC	1.022	0.889	0.802
AATGCG	0.913	0.845	0.865
TTAGTG	0.766	1.101	0.926
TTCAAA	0.684	0.762	0.759
GACGGG	1.142	1.039	1.125
GCCCTT	0.672	0.653	0.783
GGCAGC	1.027	0.708	0.733
GCTCGA	0.873	1.002	0.956
ATGCGA	0.904	0.974	0.893
AATCCC	1.411	0.997	1.313
GGGTAT	0.808	1.034	0.935
CTCACT	0.725	0.626	0.797
GCGATC	0.991	0.937	0.91
CTTGGC	0.778	0.806	0.684
TTGCCC	1.218	0.929	1.004
AGCTTG	0.818	0.879	0.769
CCTTTA	2.003	1.606	1.819
GGACGG	1.176	1.045	1.285
AATGCC	0.895	0.816	0.841
ATTTTA	1.261	0.996	1.032
ACAAAC	0.887	0.677	0.87
ACAAGA	0.775	0.762	0.786
ATATTG	1.93	1.41	1.588
CAAATT	0.633	0.72	0.711
AACGCT	0.743	0.781	0.765
GGAGCT	0.798	0.934	0.809
GAAACC	0.889	0.887	0.919
GTACCT	0.847	1.007	0.952
TCCCCG	0.798	0.712	0.848
CCATGG	1.491	1.204	1.313
AATGCA	0.877	0.804	0.82
TCTGGT	0.63	0.748	0.676
TATTGC	1.012	1.135	1.178
ATGACT	0.728	0.846	0.799
GTTGTG	0.52	0.695	0.563
GGCTCT	1.02	0.712	0.855
CTAGAG	0.986	1.084	0.999
TACCTA	1.109	0.955	1.12
TTCTAC	0.914	0.908	0.961
ACTGAA	0.878	0.854	0.824
TCACGG	1.18	0.88	0.959
GTAATC	0.668	0.788	0.692
CGTTGG	1.222	1.186	1.274
GCCCCA	0.718	0.593	0.803
GCAGTT	0.81	0.815	0.754
ACTGGC	0.801	0.664	0.74
GTGGTC	0.664	0.766	0.653
AATTCA	1.213	0.978	1.062
TGGGTA	0.843	0.888	0.86
AACCAA	0.659	0.625	0.712
CGTAGG	0.809	0.5	0.918
GCGACA	1.039	0.915	0.885
GTTGCA	0.676	0.758	0.676
GCGCGA	0.98	0.831	0.981
ATTCGT	0.854	0.882	0.854
CCCTCA	1.247	0.724	1.302
TCTGCA	0.801	0.798	0.731
AGGCCG	1.5	0.869	1.148
CTGATA	1.712	1.363	1.404
ATAACT	1.428	1.068	1.225
TCTTGT	1.055	1.064	0.99
GTACAT	1.035	0.765	0.907
GAGGAA	0.662	0.762	0.736
ACCAGC	0.83	0.656	0.797
CCAAAG	1.009	0.911	1.014
CGTAGC	1.132	0.761	0.983
ATGGCC	0.799	0.809	0.786
TCCGGA	0.756	0.798	0.789
TCGCCA	0.997	0.851	0.992
GCCGGT	0.575	0.74	0.66
ACCCGG	1.077	1.027	0.962
CTATCG	1.236	0.887	1.07
ATGAAG	0.716	0.824	0.774
CTAACA	1.042	0.838	1.03
CCGAAG	1.606	1.41	1.363
ACGAGA	0.911	0.894	0.846
GCAGGT	0.684	0.59	0.643
GCGTGC	0.979	0.921	1.02
ATTTCT	0.879	0.914	0.829
GGCCGG	1.294	1.068	1.262
TCCTTC	0.824	0.641	0.824
AAGGCC	0.658	0.75	0.702
AAGCGC	0.846	0.884	0.835
TGGGCC	1.002	0.994	0.988
CGACGC	1.214	0.958	1.139
ATCCTT	0.707	0.778	0.808
TACATC	0.861	0.816	0.971
AACCGG	0.894	1.009	1.167
GCTTCG	0.941	0.968	0.909
ATCATG	0.824	0.761	0.83
CACAGC	0.698	0.624	0.728
TCAGTA	0.688	0.687	0.675
GGCCCT	0.874	0.684	0.973
AGTCAT	1.105	0.996	1.002
AAAATC	0.685	0.716	0.666
ACGTTA	1.604	1.641	1.388
TTGAGC	0.865	0.857	0.785
GATGCC	0.942	1.054	0.948
TTGCTC	0.899	0.862	0.916
GGGTCA	0.974	0.893	0.981
TGGAGT	1.05	0.962	1.066
CCTATC	1.537	1.064	1.327
CCCAAA	1.523	0.9	1.26
CATATT	0.884	0.85	0.948
GGTAGA	1.101	1.061	1.088
ATGTAT	0.802	0.945	0.86
AGTCAA	1.114	0.838	0.907
ATTAAT	0.694	0.775	0.714
ATTGTG	0.583	0.814	0.643
CCCCGC	1.348	0.498	1.071
ATCGCG	0.812	0.774	0.784
AACGGT	0.582	0.688	0.621
ATCTTT	0.866	0.833	0.876
ACACTT	0.867	0.753	0.875
GCCTCG	0.934	1.026	0.973
TTGAAA	0.75	0.88	0.782
ATCGTA	0.662	0.723	0.756
ACTCCG	1.218	1.174	1.226
TCCACG	0.848	0.732	0.853
TTGAAT	0.875	0.979	0.831
CACAGT	0.995	0.77	1.044
TACGCA	0.845	0.814	0.817
TCAGGA	0.786	0.756	0.774
GTACGA	0.898	0.878	0.83
AGCGTC	0.794	0.687	0.722
CAGATC	0.778	0.756	0.774
AAATTT	0.7	0.748	0.677
GACGTG	0.761	0.897	0.737
GGATCA	0.92	1.003	0.958
GTCGCT	0.661	0.79	0.687
TCTGAT	0.884	0.938	0.87
AATACT	0.828	0.884	0.886
GTTTCC	0.835	0.926	0.826
ATTGTC	0.673	0.739	0.732
ATTCTT	0.743	0.843	0.791
GGTCAC	0.931	0.87	0.877
GCCGAC	0.816	0.81	0.797
TGTCTC	1.108	0.951	1.095
AGGGCG	1.675	0.932	1.225
ACCTGC	0.946	0.872	0.925
TCTCCT	0.815	0.667	0.93
CACTGT	0.872	0.923	1.048
AAATGT	0.76	0.838	0.774
ATCGGA	0.764	0.842	0.773
GGATTA	1.257	1.275	1.228
TGTGTT	0.705	0.84	0.831
CCGGTG	0.992	0.987	1.062
ACTAAA	0.926	0.877	0.936
GTTGGC	0.607	0.686	0.667
CGTCCG	1.253	0.994	1.177
CTCTTG	0.712	0.805	0.752
GGGGAA	0.819	0.931	0.834
CTTCTC	0.689	0.708	0.742
TTCACG	0.822	0.814	0.815
GCACTC	0.794	0.787	0.778
GAACCA	0.936	0.885	0.999
TCGTGT	0.987	1.031	0.968
ACTTGC	0.828	0.957	1.032
GTGGTT	0.719	0.75	0.695
TTCCGA	0.932	1.004	0.922
TGGAGA	1.112	0.989	1.083
GAAACG	0.881	0.917	0.857
CTTTCT	0.762	0.733	0.77
ACGCCG	1.107	1.122	1.068
GCAGGA	0.801	0.724	0.735
AATGTG	0.685	0.752	0.706
AGTAGT	1.192	0.721	1.083
CGGTCT	1.28	1.4	1.623
TCCCGG	0.832	0.814	0.858
CTGGTA	0.782	0.863	0.777
ATCGAG	0.672	0.742	0.696
TACGAA	0.906	0.893	0.89
GCGGTC	0.814	0.75	0.844
GCGCCA	0.881	0.838	0.869
GCACCT	0.863	0.804	0.962
GACCCA	1.184	0.893	1.133
ATCCGG	0.84	1.092	0.882
CGTGAG	0.98	1.192	1.092
CACGCC	1.017	0.847	0.925
ACCGCC	0.763	0.657	0.851
GAGGTT	0.642	0.812	0.7
AAAGTA	0.598	0.639	0.636
AAACTC	0.724	0.703	0.738
CTTGAT	0.816	0.846	0.796
ATTTGT	0.891	0.897	0.838
CAGCAA	0.772	0.72	0.801
GCAATT	0.91	0.854	0.843
GACCGA	1.178	1.019	0.97
GTACTC	0.818	0.798	0.778
TATAAT	0.918	1.001	0.954
CTAAAG	1.015	0.97	0.94
GAGCTA	1.036	1.034	0.972
GAGGCG	0.814	0.75	0.72
CACAAT	0.909	0.738	0.831
CGATCA	1.145	1.108	1.159
AGTGCG	0.819	0.83	0.784
TCGGTG	0.647	0.77	0.668
TACAGG	1.156	0.726	1.094
TCAAAT	0.924	0.788	0.928
TTTACC	0.964	0.781	0.837
GACTTA	1.159	1.183	1.25
CGGCGC	1.34	1.195	1.412
TCTAGG	1.104	1.04	1.05
CTATTG	1.016	0.933	0.877
AGGTCT	2.002	1.526	1.676
CTCGTA	0.652	0.704	0.661
ACACAC	1.058	0.681	0.874
ATGCAG	0.738	0.818	0.814
CGGTTA	1.266	1.293	1.31
ATGTTC	0.895	0.932	0.832
GTCATC	0.678	0.754	0.762
GTTAGT	0.671	0.825	0.674
CCCCAT	1.436	0.575	1.272
ACAAGT	0.937	0.818	0.878
CCGTGG	2.088	1.732	1.752
TGTAGT	0.872	0.916	0.912
GCTACA	0.771	0.828	0.855
CGGGCG	1.177	0.715	0.92
GCGAGG	1.106	0.983	0.851
GACCTT	0.947	0.935	0.976
CGGGTT	1.021	0.876	0.898
GTCCAA	0.638	0.692	0.675
TCACTA	1.138	0.897	1.202
TGCGAT	0.913	0.987	0.897
GATCAA	1.006	1.14	1.117
CACTAT	0.994	0.904	1.036
CGACAG	1.033	1.023	1.054
AGCCGG	1.218	0.829	1.043
TTGACT	0.873	0.946	0.904
ACAAGC	0.833	0.608	0.792
TCATCC	0.933	0.717	0.918
ATAGAT	2.081	1.28	1.529
GACGCT	0.836	0.97	0.905
GCTGAC	0.888	0.867	0.833
CTTTCG	0.822	0.868	0.819
AATAAC	0.784	0.777	0.791
GTGCCG	0.799	1.004	0.827
TATAGC	1.003	1.002	1.045
ACCGAA	0.906	0.813	0.915
GCTCCT	0.784	0.934	0.916
ACGAAG	0.863	0.92	0.871
CTTGTT	0.587	0.823	0.729
AGTATG	1.252	0.983	1.124
AGAAAC	0.709	0.859	0.762
ATATTA	2.24	1.418	1.787
GTCTAT	0.846	0.83	0.849
CATCCG	1.518	1.196	1.313
ACATAT	0.902	0.863	0.996
TATTGG	1.182	1.014	1.07
AACGTC	0.686	0.733	0.743
TATCGG	1.369	1.252	1.236
GTCTGC	0.767	0.868	0.796
ACGCCC	1.308	0.793	1.108
ACGTCC	1.164	0.698	1.041
GACAAA	0.891	0.877	0.864
AGCTTA	1.257	0.983	1.142
TTCACA	0.783	0.758	0.794
CCTTTC	1.51	1.314	1.303
TCCCAT	0.782	0.692	0.868
ATCCTG	0.92	0.87	0.858
CTAATT	1.068	0.889	0.999
GTTCGC	0.818	0.929	0.816
TCCTCA	0.747	0.494	0.786
AAATGG	0.988	0.83	0.839
GTGTCG	0.761	0.994	0.858
CGGTCG	1.302	1.483	1.559
TCCAGC	0.789	0.618	0.814
CATACC	1.187	0.77	1.159
GTCAGC	0.715	0.648	0.648
GGTATA	2.253	1.687	1.701
AATCTA	1.211	0.955	1.187
AGTGCC	0.826	0.752	0.714
AAGAAT	0.699	0.876	0.764
CGCACC	0.948	0.656	0.834
GATTAT	0.987	1.246	1.164
GAGATC	0.72	0.952	0.831
TTTTTC	0.956	0.926	0.977
ACCCGC	0.864	0.786	0.983
CTTATA	1.856	1.229	1.341
CAGGCC	0.671	0.741	0.76
ATCACA	0.744	0.634	0.797
CGGGAG	1.126	1.12	1.144
GTAAAG	0.594	0.757	0.715
AATTCC	1.245	0.892	0.989
AGTGAG	0.848	0.91	0.812
GGTTGG	1.317	0.9	0.981
GTTCAC	0.864	0.884	0.929
AGGAAT	1.476	1.249	1.234
TCAATA	2.173	1.196	1.743
GTAACC	0.821	0.755	0.851
CAATCA	0.726	0.689	0.804
TTAAAG	0.869	0.814	0.895
TACAAT	0.853	0.82	0.917
CATTAT	1.026	1.14	1.19
TTGGTA	0.612	0.727	0.732
CTACGG	1.266	1.256	1.325
ACACAT	1.006	0.711	0.917
GGTCGG	1.316	0.516	0.981
GGCGAA	1.004	0.78	0.807
TATGTT	0.838	0.942	0.925
TGCTTG	0.865	1.129	1.012
AGACCC	0.914	0.66	1.004
GGTCAT	0.96	0.932	0.925
GCACTG	0.887	0.848	0.841
CAGGGA	0.732	0.781	0.768
CTTCTG	0.897	0.934	0.884
GAGGCA	0.769	0.786	0.744
GATAAA	0.93	0.99	0.89
AATATT	0.882	0.919	0.889
CATGAA	1.083	0.879	0.979
AACAAC	0.619	0.671	0.692
CGCCTG	0.708	0.843	0.737
TACGCT	0.886	0.988	0.933
GACGGA	1.01	1.151	1.093
CGCCGA	0.871	0.83	0.881
AATTTG	1.028	1.004	0.929
GACTAC	1.05	1.13	1.068
TATATA	2.144	1.242	1.757
GAAAGG	1.057	1.173	1.008
GTCAGT	0.754	0.78	0.709
CCCACG	1.519	0.828	1.374
TCCAAT	0.829	0.793	0.805
TTAGAC	1.113	1.062	1.05
CTATAC	1.183	0.59	0.841
CACGGA	0.85	0.833	0.86
GTACGC	0.973	0.833	0.726
AATGGA	0.787	0.831	0.77
CTCCTA	0.783	0.677	0.838
AAACGA	0.871	0.832	0.894
TTCGTA	0.594	0.684	0.666
TTGGTC	0.753	0.799	0.8
AGGCAC	1.509	1.354	1.293
AGCCTG	0.883	0.791	0.748
GGAACT	0.949	1.078	1.041
CAAACA	0.684	0.662	0.764
ATTACA	0.639	0.706	0.758
GGCATA	2.376	1.518	1.731
AGGGAC	1.264	1.008	1.077
ACACTC	0.78	0.632	0.826
TCATTT	0.913	0.84	0.894
GAGACT	0.801	1.141	0.97
TTCGCG	0.784	0.842	0.733
GATCAG	0.982	1.193	1.123
GCTGCG	0.824	0.889	0.719
AATGTA	0.698	0.75	0.734
AGTTTG	1.027	1.056	0.999
GGCAAC	0.879	0.828	0.923
TCGTAC	0.856	0.903	0.964
TACTAC	0.947	0.903	1.018
GCGACC	0.854	0.915	0.906
CACCTC	0.689	0.54	0.824
TATATT	0.926	0.947	0.985
AACCAG	0.696	0.768	0.707
CGTGAT	1.017	1.088	1.024
AGCATA	2.058	1.458	1.43
TACCCG	1.009	0.922	1.132
CAGCAC	0.921	0.848	0.943
GGTGCC	0.574	0.73	0.622
CAATGT	0.82	0.932	0.826
GCCCTC	0.657	0.552	0.819
AGTGGC	0.883	0.696	0.753
CGGAGG	1.705	1.276	1.832
CGGGGA	1.081	0.799	0.969
GCGGAG	0.858	0.791	0.851
TGCATC	0.774	0.897	0.895
GTGTAC	0.731	0.869	0.756
CCTCGC	1.52	0.869	1.504
GCTGGG	0.772	0.829	0.749
TTGTGT	0.995	0.963	0.931
CAAGGA	0.684	0.777	0.727
TGGACC	1.147	1.136	1.088
ATAACA	1.564	1.097	1.28
AGCTAT	0.861	0.88	0.871
GCCGAA	0.821	0.884	0.828
CTCGCC	0.726	0.716	0.77
CCCCTA	1.522	0.686	0.994
ACTTAT	0.908	0.946	1.048
CGACCC	1.354	1.015	1.274
GACCCC	1.234	0.911	1.211
TACTTA	1.523	1.314	1.469
AATCGA	1.581	1.304	1.331
GCGGTA	0.856	0.826	0.759
AAGTTA	1.073	1.252	1.092
AAGGAT	0.788	0.835	0.792
TTTCCG	1.244	1.244	1.121
TCCAAG	0.788	0.796	0.83
ACATTC	0.852	0.76	0.852
TCGCTC	0.932	0.782	0.914
ATATCC	2.48	1.263	1.844
CTTCCC	0.992	0.74	0.905
GTGGCG	0.792	0.746	0.806
CGATGC	1.167	1.076	1.054
CCGAAA	1.517	1.126	1.322
CCGTCC	1.719	1.108	1.543
ATTATG	0.807	0.851	0.792
AGGTTC	1.644	1.516	1.461
CGTGTG	0.677	0.82	0.688
GATAGT	1.025	1.073	0.997
CATCTA	1.131	0.783	0.988
CTCCTC	0.562	0.571	0.673
TTGGAT	0.931	0.9	0.876
AAGCGA	0.944	0.877	0.883
CGGAAG	1.347	1.395	1.645
TGCCTG	0.887	1.246	0.916
AGTCCT	1.209	1.257	1.016
CTCGTG	0.545	0.811	0.646
GTGGAC	0.916	0.789	0.804
TTCAAT	0.745	0.805	0.779
CGGCCT	1.066	1.303	1.257
ACGCGT	0.994	0.998	0.855
CAAGAT	0.76	0.756	0.758
GAGGCT	0.763	0.937	0.84
GGTTCC	0.988	0.858	0.858
CGAATC	1.216	0.974	1.081
TCAGTG	0.641	0.829	0.711
GGTTGT	0.957	0.935	0.984
GCCAGT	0.83	0.856	0.841
CTCATA	1.768	1.141	1.554
CTCATC	0.764	0.691	0.831
TCCTGC	0.81	0.873	0.77
TGGGCT	1.085	1.057	0.988
CTTCGC	0.905	0.839	0.853
AGAGTC	0.74	0.74	0.778
CCAAGG	1.437	1.082	1.25
GAGTTA	1.156	1.406	1.186
ACGCTA	0.732	0.484	0.734
GCCATG	0.825	0.824	0.78
TGTCCG	1.535	1.332	1.41
CTTAAC	0.666	0.744	0.759
GATTGC	1.042	1.34	1.114
GTATTG	0.698	0.876	0.71
ACACCG	1.08	0.847	1.053
TGCCGT	0.872	0.954	0.916
GAGCGC	1.067	1.242	1.077
CGATAC	1.197	0.988	1.138
CTAGAC	1.253	0.844	0.943
TATAAG	0.896	0.894	1.002
GACTTC	0.975	1.004	1.01
GTGCGA	0.774	0.962	0.816
CGATTG	0.992	1.002	0.94
AGGGAA	1.148	1.169	1.158
GATCCA	1.356	1.236	1.328
AGACAG	0.717	0.819	0.824
AGGATC	1.054	0.858	1.118
CGACGA	1.096	0.943	1.048
GCGAGA	0.831	0.887	0.784
AACGGC	0.586	0.592	0.559
ATCGAA	0.736	0.73	0.73
TCTCTG	1.005	0.939	0.964
CGCATA	2.014	1.518	1.61
GTGAGG	0.773	0.534	0.691
GAACAA	0.757	0.778	0.799
TTGCAG	0.791	0.79	0.746
ATTGAG	0.652	0.772	0.686
CCCTTA	1.74	1.082	1.138
TATTTA	1.43	1.193	1.401
TTCAGA	0.726	0.778	0.781
CACCGC	0.782	0.787	0.932
CGCGTA	0.586	0.603	0.77
AGGTGC	0.834	2.143	1.468
ATACTA	1.999	1.322	1.443
AGCGCC	0.712	0.693	0.702
CGGATT	1.377	1.349	1.576
AGCGCT	0.659	0.787	0.647
GGAGTC	0.812	0.924	0.828
TCCATG	0.764	0.683	0.802
ATGGGA	0.774	0.824	0.748
GCAGTG	0.708	0.747	0.656
CTTGTC	0.653	0.74	0.734
AGTAAA	1.099	0.877	0.938
TGCCGC	0.759	0.933	0.79
AAGGTG	0.482	0.629	0.53
GTGTGC	0.776	0.981	0.735
TACAGA	0.893	0.89	0.898
ACACTA	0.964	0.75	0.9
GCTGGT	0.608	0.817	0.674
GGCGTT	0.846	0.82	0.76
CGAAAG	1.119	1.078	1.047
CGCATC	0.974	0.768	0.929
GCAGCT	0.851	0.794	0.866
AATCCA	1.362	1.07	1.227
ATGGGT	0.668	0.729	0.663
CTCTCC	0.777	0.591	0.786
GAATTG	0.841	0.935	0.798
CGGCAT	1.352	1.05	1.322
CACTCG	1.06	0.818	1.051
TGGAGC	1.114	0.937	1.014
CGAAAT	1.281	1.124	1.08
CAGGTT	0.462	0.555	0.552
CGCATT	1.012	1.11	0.959
AACTTG	0.792	0.85	0.824
CACGCT	0.981	0.78	0.994
GCACGT	0.911	0.854	0.916
TGTAAT	0.992	1.066	0.972
GCGTCC	1.003	0.844	0.935
AACAAT	0.66	0.662	0.702
TCAGTC	0.721	0.768	0.799
GGGCCA	1.182	1.037	1.113
CAAACC	0.737	0.639	0.806
CATGGA	0.908	0.902	0.888
CTACTC	1.088	0.929	1.044
TCACTT	0.91	0.768	0.947
TCTACA	0.795	0.769	0.88
TCACCT	0.925	0.827	1.096
TGCGGC	0.642	0.756	0.629
CCTGTG	1.19	1.039	1.1
CGACAC	1.351	0.942	1.228
ACCTCC	0.959	0.669	1.0
CTTGCC	0.746	0.793	0.768
GCCGCG	0.692	0.75	0.746
TCGGGT	0.734	0.861	0.71
GATCCG	1.372	1.592	1.364
GGGATT	1.054	1.368	1.194
ATTTTG	0.796	0.867	0.762
TTATCC	1.192	1.127	1.208
AGTATT	1.105	0.959	0.974
GAGATA	1.556	1.493	1.237
ACCATG	0.852	0.866	0.9
TCTGCT	0.704	0.809	0.768
TATCCT	1.107	1.144	1.228
GTTTGT	0.74	0.97	0.849
TTGTCT	0.978	0.998	0.952
AAGCAC	0.868	0.87	0.902
CTGACA	0.923	0.85	0.935
GTTGTC	0.589	0.771	0.668
GACGTC	0.878	0.913	0.846
TGGGGG	1.217	0.662	1.062
AGTTCC	1.359	1.127	1.118
CTATCT	1.086	0.897	0.975
TGTGAC	0.97	0.9	0.881
ACACGA	0.989	0.959	0.917
AGGTCC	1.705	1.347	1.785
TTGGCT	0.824	0.93	0.819
CGGGGG	1.314	0.696	1.206
TACGAT	0.96	0.938	0.91
ACATCG	0.917	0.751	0.91
CAGCCT	0.939	0.971	0.996
TTCAGC	0.786	0.691	0.763
AGAATA	1.368	0.951	1.333
AGGTTG	1.637	1.342	1.527
ATTGCG	0.809	0.804	0.771
CGCACA	0.858	0.68	0.828
GGAACG	0.944	1.065	0.938
AAAGAT	0.884	0.862	0.834
CCAGCT	0.961	0.869	1.014
TGGGAG	0.931	0.866	0.892
TTTGAT	0.878	0.941	0.804
ATAGTG	1.581	1.19	1.323
AACGTG	0.615	0.704	0.625
GGAAGC	0.85	0.874	0.808
GCAAAA	0.835	0.698	0.711
GATGCT	0.897	1.06	0.946
CTGGGT	0.825	0.874	0.783
GGCATG	0.999	0.86	0.722
TTGCTG	0.96	1.005	0.868
ATATCT	2.267	1.643	1.784
TCCCAA	0.68	0.577	0.766
GATCGT	1.134	1.211	1.184
GGAAGA	0.933	1.041	1.02
GTCAAT	0.75	0.804	0.758
ACTATC	0.91	0.886	0.97
GTATGT	0.835	0.844	0.667
TCGATA	1.917	1.38	1.423
TTGCGA	1.1	1.047	0.92
GCGAAT	1.022	0.946	0.911
GTTGGT	0.497	0.671	0.595
CTGCTG	0.845	0.914	0.916
GCGCCC	0.874	0.631	0.606
AAAACG	0.792	0.665	0.721
AGTAAG	0.878	0.783	0.76
GAAGGC	0.703	0.666	0.673
GGCGAG	0.92	0.826	0.86
ACTGTG	0.79	0.878	0.79
AGTGTC	0.9	0.899	0.827
GTCGGA	0.719	0.85	0.754
CTTGGA	0.85	0.898	0.798
CACCAT	0.806	0.55	0.704
ATATCA	2.736	1.402	2.175
TTGTCA	0.896	0.846	0.913
CCTAAA	1.396	1.019	1.128
GAGCTT	0.851	1.034	0.896
GCATGC	0.802	0.766	0.822
GGGAGT	1.253	0.837	1.356
AGGGAT	1.124	0.948	1.028
ATTGGA	0.689	0.761	0.681
CATATA	2.141	1.05	1.708
ATATGC	2.244	1.347	1.669
TACGCC	0.908	0.851	0.959
GCCTCT	0.801	0.826	0.898
CCATCC	1.172	0.762	1.125
AGGGGA	0.964	1.036	0.827
ATAGTT	1.684	1.184	1.336
GTTACT	0.694	0.936	0.765
CCACTC	1.114	0.741	1.066
CTGGGC	0.872	0.919	0.757
GCACTA	1.013	0.793	0.865
CTACTG	1.26	1.006	1.148
CACGAT	1.09	0.911	0.994
CGTACT	1.001	1.002	1.008
ATCCCC	1.184	0.606	0.836
GTCGCG	0.716	0.82	0.76
CTAATC	1.023	0.721	0.777
TTGATT	0.847	0.965	0.859
AGGACT	1.434	1.725	1.176
GGGTCC	0.882	1.184	0.818
CTGCCA	0.863	0.829	0.935
AAGTTT	0.821	0.986	0.87
TGTCTG	1.202	1.29	1.127
TTTGAG	0.76	0.862	0.716
CGGTTG	1.026	1.155	1.293
GATGTC	0.921	1.118	0.935
GTAACG	0.639	0.738	0.696
AGAGCA	0.831	0.846	0.815
TTCGCA	0.846	0.761	0.784
ATTCCT	0.852	0.958	0.936
TTGTTA	1.23	1.175	0.998
CGAGGC	1.019	0.945	0.844
TGTGCT	0.806	1.004	0.858
AAGGCG	0.678	0.601	0.684
CTAAAT	1.236	1.092	1.116
GGACCG	1.056	1.183	1.014
ATCCGT	0.838	0.836	0.822
GACAGT	0.988	0.918	0.881
ATTCAC	0.887	0.819	0.875
CGCCAA	0.727	0.668	0.796
GAGGGC	0.587	0.58	0.709
CATTGT	1.106	1.03	1.0
TTGGGG	0.946	0.946	0.915
CTGCGA	0.999	1.04	1.008
GCGTCG	0.949	0.902	0.926
TTTGCA	0.897	0.839	0.786
GAGAAC	0.78	0.916	0.867
TTTCGC	1.516	1.008	1.262
CTCCTT	0.649	0.722	0.72
ATCGAT	0.862	0.827	0.778
TTTGTG	0.646	0.824	0.683
GTGCCT	0.658	0.979	0.746
CCTTCC	1.543	0.929	1.364
CTGCTC	0.854	0.842	0.928
TTATCG	1.357	1.2	1.228
CGGAAA	1.302	1.316	1.351
GCGCAC	0.973	0.818	0.909
AGCAAG	0.747	0.764	0.718
TCGGAT	0.977	0.987	0.928
ACGCAT	1.11	0.822	0.96
AGTGAA	0.991	0.946	0.839
CAAGTC	0.643	0.691	0.735
GATGTA	0.824	1.023	0.928
CCGGGA	1.24	1.382	1.428
AATCGT	1.441	1.299	1.313
CGCTCA	0.922	0.742	0.878
GGTACC	1.243	1.255	1.204
CTTACA	0.748	0.665	0.718
TATGCT	0.978	0.987	0.994
CGACCG	1.231	1.252	1.127
CCCCAC	1.345	0.712	1.199
ACGAGG	1.292	0.912	1.34
ATAGCC	2.06	1.196	1.847
CCACGA	1.082	0.945	1.07
AGAAGA	0.753	0.896	0.847
AGATTA	0.892	0.948	0.866
CACTCA	0.91	0.82	0.929
CGGCTC	1.223	0.896	1.098
GCTTGG	1.084	1.162	1.08
TGTTAC	1.039	1.279	1.178
TCGAAA	0.884	0.855	0.834
AGATGT	0.76	0.969	0.826
TCCCGC	0.774	0.642	0.742
ACACGC	0.975	0.733	1.025
GCTGTG	0.696	0.861	0.702
GGACTG	1.047	1.142	1.079
AACAGG	1.327	1.434	1.292
TCCCCC	0.593	0.468	0.7
TCTTCT	0.819	0.792	0.837
AAGAAC	0.643	0.73	0.718
GACGGT	0.75	0.975	0.771
TTCACT	0.727	0.779	0.817
GGGAAT	1.225	0.953	1.169
CCTAGC	1.467	0.768	1.014
GTACTT	0.825	0.805	0.877
CAGTCA	0.945	0.869	0.921
AGAGGT	0.646	0.71	0.694
TGGTTA	1.548	1.217	1.272
CTTGCG	0.834	0.901	0.7
TTACCC	1.615	1.273	1.049
TCGTGG	1.245	1.038	0.993
ATTGAA	0.647	0.754	0.687
CTGCGG	1.156	0.933	0.948
TGCTGC	0.978	0.947	0.944
ACAAAG	0.845	0.754	0.837
GTAATG	0.692	0.717	0.697
TTTCGG	1.587	1.11	1.33
ATAATA	1.751	1.07	1.494
TGCGGA	0.752	0.847	0.745
ACTCTG	1.003	1.12	1.12
TTGCAA	0.808	0.822	0.758
AGTGTA	0.843	0.817	0.717
CCAGAT	1.306	1.082	1.208
CGCTGG	1.278	1.154	1.209
TTCCTT	0.698	0.778	0.857
AGCACC	0.9	0.779	0.907
AACCCT	0.763	0.765	0.898
GCCGGA	0.768	0.843	0.776
TGGCCC	1.266	0.723	1.215
GCTCGC	0.867	0.798	0.888
AGCAAT	0.91	0.669	0.743
TTGTAT	0.968	0.936	0.921
CCCGGG	1.55	1.214	1.576
ACTTCT	0.931	0.987	1.034
TCATCG	0.954	0.787	0.94
CCTTCT	1.197	1.126	1.249
GGTAGC	0.875	0.673	0.75
TCTTTG	0.842	0.906	0.888
GCTTTT	0.796	0.929	0.885
GCTACG	0.824	0.928	0.803
CCAATG	1.015	0.935	0.954
CCCATC	1.459	0.689	1.35
ACCATT	0.804	0.742	0.953
GAAGCT	0.847	0.876	0.846
AAATCT	0.774	0.748	0.783
ATAAGA	1.622	0.908	1.261
GACTGT	0.874	1.079	0.974
AAGGAG	0.681	0.758	0.748
GTGGAA	0.761	0.803	0.7
TTTCTC	1.03	0.913	0.938
CCAATC	1.027	0.856	1.022
CCTAAC	1.408	1.097	1.316
CTAATA	2.743	0.955	1.689
CGCAGC	0.875	0.719	0.888
TGTAGA	1.09	0.931	1.264
GGGTTA	1.102	1.281	1.162
GCTTAC	0.869	0.903	0.84
ACAGCG	0.984	0.908	0.788
GGTTTA	1.401	1.366	1.278
CCTTTG	1.38	1.248	1.358
GCTCAG	0.666	0.769	0.754
CACGGC	0.862	0.679	0.864
GTCGCA	0.666	0.675	0.7
ATCGTC	0.686	0.722	0.705
TGCCCC	1.015	0.834	1.144
GGTACA	1.136	0.904	0.997
CTAGGG	1.315	1.015	1.098
GCCCTA	0.859	0.799	0.894
GCTTCT	0.838	0.969	0.912
ACACGT	0.971	0.79	0.881
GCTCTT	0.738	0.846	0.838
AACTCG	0.873	0.847	0.801
GAGTTG	0.857	1.025	0.929
GCAAAG	0.822	0.775	0.769
AGTAGC	1.087	0.772	0.89
AAGACT	0.69	0.879	0.777
TCAGGT	0.609	0.714	0.631
CATTGG	1.4	0.964	1.127
GCGCCT	0.859	0.951	0.914
GATACC	1.122	1.104	1.15
TGGGGC	0.792	0.677	0.652
CTGACC	0.767	0.748	0.958
AGCGAT	0.905	0.886	0.842
AATGGG	0.948	0.876	0.84
CACGTG	0.736	0.791	0.668
TTACAT	1.656	0.957	1.378
GTGGGG	0.701	0.385	0.601
GGCACG	0.972	0.884	0.982
AGCGGA	0.761	0.689	0.7
CGTGCA	0.856	0.816	0.811
TTTCTT	1.011	1.046	1.01
CTGCCC	0.893	0.791	1.115
CGCAGT	0.957	0.85	1.122
GCTGCC	0.756	0.859	0.814
GGGGAT	0.931	0.888	0.936
AAATTA	0.885	0.82	0.863
CCCTAC	1.543	0.919	1.116
CGAGAA	1.199	1.135	1.23
GTCTCT	0.786	0.854	0.842
AAACAT	0.848	0.693	0.87
TCAACA	0.814	0.734	0.884
AGCTGG	1.067	0.981	0.879
CACGTT	0.744	0.808	0.815
ACGGAT	1.122	0.968	0.976
CTGGCC	0.881	0.878	0.925
GGAGAC	0.93	0.981	0.863
ATCCCT	0.726	0.658	0.979
GCACCA	0.855	0.789	0.881
CATGCC	1.02	0.876	0.955
ATCTTG	0.904	1.0	0.91
GGCAAA	0.894	0.73	0.856
GCTCTG	0.876	0.919	0.94
ATTTAT	0.815	0.852	0.914
AGTGTG	0.799	0.787	0.775
CTTCCA	0.931	0.764	0.915
CCTGGA	1.318	1.453	1.418
GGTACG	1.164	0.724	1.134
ATCGTT	0.663	0.767	0.764
TACTTT	0.947	0.938	0.955
GGTTAT	0.91	0.925	0.938
GAAGCA	0.917	0.83	0.823
CCTTAC	1.47	0.971	1.329
AAAGGT	0.681	0.604	0.649
CCCTCC	1.091	0.426	1.089
AGGTTA	1.132	1.772	1.247
ACTCGC	0.956	0.84	1.04
CGATTC	1.085	0.98	1.075
GATTGT	1.124	1.228	1.178
GTCCGG	0.729	0.754	0.845
AAACGG	0.898	0.958	0.976
GGTGCA	0.878	0.754	0.784
CATAAA	0.929	0.749	0.936
AGGTAC	1.284	1.483	0.813
TGGTGG	1.199	1.06	1.113
TTATCT	1.12	0.943	1.203
ACAGGG	1.178	0.862	1.098
ATGACA	0.789	0.785	0.758
ATCATT	0.7	0.717	0.747
CGATTA	1.374	1.348	1.152
GTACAA	0.668	0.74	0.665
ACTCAT	0.956	0.867	0.972
CGGAGC	1.614	1.507	1.651
GACACA	0.95	0.806	0.91
GCCCAA	0.692	0.543	0.74
GAGCGG	1.232	1.125	1.232
AGGGGC	0.57	0.79	0.692
ACGTTG	1.026	1.021	1.014
TCGTCG	0.964	0.899	0.921
CAGGAA	0.668	0.748	0.751
TTAGTC	1.1	1.028	1.112
GAGCGA	0.95	1.079	1.02
CTGACG	0.882	0.98	0.857
TATACT	1.041	0.934	1.131
GTAGCT	0.734	0.765	0.806
TCTCAG	0.851	0.753	0.829
TCGTGC	0.89	0.978	0.817
AACTCC	0.85	0.714	0.857
AGGATG	1.234	0.834	0.935
GTCGGC	0.542	0.564	0.579
ATGTTA	1.127	1.068	1.058
TATTTT	0.954	1.01	1.009
CCCCGG	2.492	1.265	1.365
GCCAAC	0.7	0.744	0.782
CTCTAT	0.888	0.77	0.9
GGACTC	0.882	1.032	0.954
TCCCCA	0.708	0.504	0.818
TTAATA	2.006	1.931	1.747
GAACGC	0.923	0.841	0.947
TTTTGG	1.293	1.106	1.062
TTAGGG	1.26	1.125	0.966
AGATAT	0.746	0.874	0.831
TTAGTT	1.059	1.067	0.858
ATCTCC	0.899	0.686	0.864
GTGTTA	1.342	1.202	0.989
CAACGC	0.856	0.735	0.879
AATCAG	0.926	0.834	0.9
GGCGGG	1.114	0.677	0.898
CTGGAT	0.969	0.85	0.926
TTGACA	0.921	0.88	0.88
CGTATC	1.077	0.894	1.079
TGGGAA	1.018	0.811	0.885
ATCATC	0.769	0.701	0.808
GCCGTC	0.69	0.727	0.764
ACTAGC	0.578	0.593	0.731
GTAGGT	0.72	1.015	0.589
AGGGAG	1.124	0.879	1.054
GAGGTG	0.598	0.646	0.598
ATTATT	0.678	0.785	0.766
TATGTG	0.906	0.964	0.845
TCACCA	0.97	0.794	0.964
CAATCT	0.74	0.743	0.848
TGTCCC	1.461	0.83	1.092
AAGCTA	0.79	0.915	0.854
CATGTA	0.872	0.764	0.882
TTCTCT	0.806	0.838	0.883
ACGCGG	1.182	0.9	0.992
TGTCGG	1.227	1.068	1.316
AAGTGT	0.797	0.86	0.842
GACTCA	0.968	1.034	1.014
AGAACA	0.823	0.834	0.866
AAACCC	1.184	0.53	0.984
GTAGCG	0.686	0.718	0.648
TATGGT	0.765	0.821	0.734
AATTAC	1.038	1.062	0.985
AAACAA	0.623	0.674	0.7
TCGGGC	0.667	0.852	0.755
TATAAC	0.939	0.86	0.979
ATAGAA	1.779	1.091	1.402
GCAAGC	0.951	0.644	0.747
CGCTGT	1.212	0.902	1.155
TTTAAA	0.79	0.855	0.768
AAGGCT	0.685	0.814	0.749
GTGAAA	0.676	0.772	0.66
ATACAC	3.396	1.808	1.918
AGCTAC	0.94	0.834	0.921
GCATCT	0.938	0.803	0.919
TCCAGA	0.8	0.886	0.796
CCTAAG	1.517	0.98	1.403
GCAAGT	0.99	0.804	0.84
GTGAGA	0.737	0.947	0.722
CCTATG	1.51	1.122	1.147
CTTTCA	0.843	0.774	0.851
CCCGTG	1.175	0.932	1.109
GCTTTG	0.77	1.002	0.855
CTGGAG	0.823	0.802	0.841
TGCAGG	0.976	1.15	0.926
CGCCCA	1.019	0.737	1.001
ACCGCA	0.912	0.649	0.81
CCGAGC	1.404	1.11	1.329
GTGGCC	0.806	0.904	0.802
GATTCG	1.016	1.13	1.033
TTACGA	1.388	1.202	1.182
CCTTGG	2.122	1.407	1.758
GGTTTG	0.932	0.923	0.862
CGACCA	1.088	0.899	1.119
TATGTA	0.876	0.866	0.825
CGAACC	1.211	1.087	0.99
ATTTTT	0.932	0.945	0.766
GTCGTA	0.564	0.594	0.597
ATTTCG	0.987	0.829	0.925
AGGTCG	1.314	1.625	1.378
AGCGAA	0.887	0.8	0.795
GTCGTC	0.636	0.762	0.715
TATGGG	0.984	1.095	0.879
CATCGC	1.284	0.944	1.168
AATGAT	0.876	0.962	0.865
ACGTAC	1.076	0.904	1.071
AGTTCA	1.127	0.925	1.107
TCGCCT	0.864	0.907	0.833
GCGTCA	0.942	0.974	0.863
CCTTGT	1.563	1.448	1.24
AAACCA	1.005	0.765	0.865
ATCGGT	0.668	0.694	0.698
CTCGCG	0.789	0.837	0.771
ATAATT	1.325	1.195	1.255
TATCCA	1.179	0.978	1.203
TACCAG	0.868	0.91	0.901
CACACG	0.86	0.803	0.874
GTTATT	0.606	0.81	0.723
TACCCA	0.918	0.725	1.018
ACCCTG	1.045	0.823	1.055
TCACTC	0.83	0.728	0.922
CTTTTG	0.699	0.854	0.738
GAGTGT	0.864	1.134	1.086
TATTAC	0.943	1.05	1.179
GCCAAA	0.771	0.747	0.788
CTGCCT	1.057	0.969	1.2
TCGAAG	0.826	0.903	0.794
TGCAGT	0.932	0.762	0.805
CCAGAC	1.285	1.026	1.105
AATTGT	1.103	0.968	1.01
TGGAAA	1.114	1.017	0.996
GGTCCA	1.058	0.98	1.002
TTGGTG	0.57	0.738	0.588
ACGGTA	0.844	0.913	0.691
GCTATG	0.791	0.863	0.763
GTATCC	0.814	0.751	0.794
GTAGGG	0.868	1.155	0.962
GTCTCC	0.805	0.703	0.764
ACGAGC	0.766	0.808	0.788
ATTGCC	0.752	0.776	0.772
ATACAT	2.378	1.372	1.73
ACGTAT	1.07	0.983	1.079
CAAGCG	0.709	0.708	0.716
TCCAGT	0.91	0.744	0.768
AGACGT	0.906	0.949	0.94
GCAATC	0.892	0.758	0.854
ACTCGA	1.108	1.059	1.059
CTCGAA	0.756	0.744	0.718
GACAAG	0.901	0.995	0.958
TCCGAT	0.864	0.842	0.86
ATTACC	0.872	0.796	0.846
GTAAAC	0.629	0.676	0.716
GATCTA	1.234	1.374	1.27
CAGTAT	0.92	1.002	1.09
CCCGGC	1.295	0.965	1.154
GTTACG	0.604	0.778	0.58
CGGAGA	1.453	1.437	1.861
TCTTCA	0.863	0.755	0.906
GAGTTC	0.973	1.244	1.05
CTCGAT	0.847	0.768	0.805
TCGCCC	1.014	0.836	1.009
GTGATG	0.738	0.912	0.688
TTTATC	0.951	0.95	0.924
GCATGG	1.047	0.868	0.88
GAAGGA	0.817	0.886	0.818
GGGCCG	1.166	1.234	1.425
CAACAG	0.714	0.73	0.749
CGAATT	1.222	1.117	1.006
GGTATT	1.025	0.999	0.973
TCAAAA	0.755	0.755	0.789
ACTCAC	1.009	0.84	0.986
AGCGGC	0.522	0.468	0.564
TATTTC	0.964	0.994	1.142
CCTACC	1.356	0.827	1.474
GGGAAA	1.184	0.971	1.162
ATCAGT	0.815	0.792	0.784
GGGTTG	1.018	0.913	1.161
ATTCTA	0.964	0.993	0.924
GTTATC	0.701	0.791	0.756
GTCACA	0.689	0.705	0.772
AGCCAT	0.956	0.768	0.77
CGCGGC	0.644	0.573	0.573
GGCAGA	1.004	0.843	0.936
TTGGCG	0.815	0.744	0.784
AAGTCC	0.922	0.854	0.936
ATAAGC	1.757	1.023	1.271
AATTTT	1.186	1.071	1.031
CAGGAC	0.811	0.794	0.857
CGAGTA	0.968	0.825	0.839
AGATTC	0.85	0.924	0.887
ATACCG	2.514	1.6	2.026
CGCAAT	0.984	0.898	0.898
GATTTG	1.036	1.315	1.198
ACTGCA	0.848	0.767	0.796
ACTTAC	0.998	0.952	1.038
CGGCAA	1.313	1.015	1.322
GTACGG	1.024	0.754	1.404
GCTGCT	0.714	0.867	0.791
CGCGTC	0.823	0.738	0.804
CGTAAG	0.804	0.878	0.842
CCTATT	1.443	0.933	1.249
GCCCAG	0.664	0.723	0.767
CCGATT	1.347	1.198	1.367
CCCCGA	1.455	0.601	1.26
AATCCG	1.408	1.253	1.284
CTTGAG	0.718	0.816	0.706
TCGCGT	0.802	0.767	0.74
TTATGT	1.426	1.197	1.282
CGCCTT	0.783	0.835	0.9
AGCAGT	0.841	0.771	0.752
GGACGA	1.033	1.184	1.048
GAAGCG	0.945	0.806	0.84
AGCTCC	0.918	0.66	0.862
AAGTAT	0.816	0.881	0.872
GTTTTG	0.695	0.84	0.783
GGCGGA	0.921	0.634	0.743
GTAGAT	0.797	0.809	0.777
CCGCCA	1.57	0.936	1.546
CTTATC	0.76	0.786	0.825
GTGCCC	1.078	1.103	0.796
TCTAGT	1.018	0.825	0.868
GCCGTA	0.687	0.634	0.779
TTCCAT	0.887	0.808	0.918
CCGTAC	1.725	1.224	1.657
AAATCC	0.857	0.633	0.756
ACGATG	0.964	1.046	0.856
ACAGCA	0.957	0.709	0.899
CTTCAG	0.704	0.855	0.709
TTGGAC	0.988	0.93	0.827
GACGAG	0.806	0.916	0.794
TTGCCG	1.131	1.18	0.982
ATTTTC	0.893	0.822	0.845
CCATTC	1.135	0.857	1.147
GCAACT	0.924	0.916	0.944
AATTTA	1.52	1.144	1.27
TTATTA	1.149	1.131	1.407
ATTATA	1.577	1.251	1.425
TTCGCC	0.839	0.823	0.86
ATTTCA	0.819	0.808	0.824
TGTCCT	1.224	1.164	1.203
TGGCGT	1.524	1.147	1.422
ATTGCT	0.716	0.769	0.76
TACCGG	1.293	1.29	1.326
AATCTT	0.913	0.921	0.958
CCAAGC	1.046	0.746	1.0
GAAAAT	0.81	0.836	0.768
CACCTG	0.847	0.854	0.957
TTCGTG	0.603	0.89	0.706
CTAGAA	1.206	0.876	0.895
CCGTCA	1.669	1.279	1.685
AAAGCG	0.888	0.765	0.773
GTACTG	0.789	0.886	0.824
ACACCA	0.97	0.742	0.989
CCTATA	2.949	2.11	2.183
GGGATC	1.028	1.428	1.26
GGACGT	0.971	1.088	0.981
ACCAAT	0.887	0.8	0.895
CACGCA	0.865	0.674	0.83
TTGGAA	0.841	0.775	0.758
CAAGTT	0.601	0.729	0.655
TACCGA	0.858	1.1	0.986
TCAATT	0.832	0.836	0.871
ATCCCG	1.053	0.89	1.078
TACACG	0.928	0.867	0.908
GATCTT	1.066	1.166	1.144
TTCTGC	0.791	0.856	0.877
TCTTAT	0.791	0.92	0.897
ACCTCG	0.975	0.93	1.055
CTTTTC	0.819	0.819	0.822
AGGGCA	1.024	0.563	0.853
CTGACT	0.825	0.987	0.881
TCAAGC	0.789	0.738	0.827
CGTGGT	0.686	0.795	0.724
CTTGCA	0.86	0.718	0.806
GGTCGA	1.346	1.004	1.009
AGTCGG	1.482	0.679	1.456
TATATG	1.036	1.097	1.147
TTCGGT	0.663	0.77	0.736
AATCAC	1.107	0.887	1.062
TCACGT	0.929	0.926	0.954
GGGGCG	0.642	0.463	0.923
AAGCAT	0.827	0.806	0.822
CGATCC	1.333	1.022	1.102
TGTTTA	1.646	1.606	1.455
AGGGTT	1.039	0.821	0.789
TTTTGC	1.078	1.309	1.081
CTGGTC	0.781	0.77	0.756
CGCATG	0.909	0.872	0.871
GTTCCA	0.817	0.854	0.86
GCTGGA	0.715	0.828	0.726
CTAGCC	1.17	0.896	0.969
GCCGAT	0.914	0.888	0.865
GTGACT	0.706	1.044	0.827
GTCCTA	0.77	0.927	0.851
GCTGAT	0.864	0.932	0.822
TGTAAC	0.879	0.861	0.998
GAGTGG	1.109	1.052	0.987
ATACGT	3.056	2.208	2.629
CTCACG	0.795	0.784	0.789
TCGTAT	0.999	0.987	1.046
TCAGAG	0.821	0.884	0.875
TCTACG	0.909	0.899	0.776
TTGCGC	1.028	0.919	1.002
AGGTTT	1.621	1.628	1.668
GGAGAA	0.832	0.94	0.885
GACATT	0.879	0.939	0.899
ATACCT	2.283	1.785	1.905
TACGTC	0.884	0.868	0.914
GAAGTA	0.706	0.742	0.711
AAGGGG	0.844	0.514	0.836
TCAATG	0.788	0.761	0.802
AAAGTT	0.605	0.723	0.651
TGCACT	0.724	0.837	0.837
CATCAC	1.074	0.838	1.094
GCTGAA	0.828	0.897	0.807
GCGCCG	0.985	0.99	0.938
GGCGCA	0.868	0.765	0.736
CTCGGT	0.606	0.767	0.69
TGCGTG	0.7	0.726	0.63
CAAAAG	0.654	0.732	0.743
CTGGCT	0.891	0.93	0.92
GTTCGG	1.05	1.082	1.003
TGTGGT	0.708	0.886	0.722
GCCCGT	0.733	0.691	0.808
CTTAAA	0.703	0.723	0.754
AGATCT	0.907	1.045	1.027
TACATA	1.787	1.271	1.43
TCCTCG	0.85	0.679	0.744
AGTGCT	0.876	0.858	0.826
CAGTAC	0.993	0.992	1.053
CTTTAC	0.872	0.833	0.871
TCACAG	0.913	0.818	0.934
AATCTC	1.018	0.886	0.939
GGATGG	1.142	1.119	1.017
GAAGAT	0.796	0.873	0.77
CAGTCT	0.934	0.914	0.967
ATGGTT	0.666	0.758	0.702
TGGCAC	1.409	1.111	1.47
CGTTTA	1.168	1.33	1.366
CGCGGA	0.843	0.817	0.818
ACGTCG	1.085	1.075	1.01
TCACTG	0.925	0.884	0.944
GGTGTT	0.81	0.931	0.816
AAAGCT	0.823	0.801	0.814
TCCTCC	0.853	0.504	0.837
TGTGCC	0.815	0.957	0.86
ATCGCA	0.786	0.764	0.753
TACTCT	0.852	0.878	0.91
TCTTGG	1.108	1.049	1.058
GTCATA	1.384	0.986	1.034
GGTGGG	1.045	0.822	1.134
ACTTTC	0.949	0.988	1.064
TTAAAC	0.979	0.805	0.874
TGTCAT	1.037	0.994	1.15
AACAAA	0.623	0.646	0.692
CAATAC	0.828	0.779	0.94
GACTTG	1.023	1.207	1.029
CCTTCA	1.396	1.076	1.343
GTACGT	0.698	0.772	0.624
CAGATA	1.631	0.994	1.41
TCGTCT	0.876	0.844	0.929
CCTCCG	1.686	1.006	1.498
CTTCGT	0.768	0.863	0.82
CCCGGT	1.36	0.975	1.136
GGATGT	0.926	1.101	1.013
TCTGGC	0.676	0.654	0.698
CTTAGA	0.513	0.77	0.656
ATCTCG	0.853	0.803	0.807
ACCAGT	0.98	0.791	1.032
GGCTGC	0.843	0.654	0.699
CATAGG	1.142	0.897	1.232
GGGCAC	1.12	1.07	1.253
TGGATC	1.097	1.066	1.1
CCGGCT	1.414	1.323	1.406
TACCAA	0.819	0.732	0.842
CTGCAT	1.112	0.965	1.083
GGTCTG	1.076	1.158	1.001
AGCAAC	0.76	0.649	0.714
GCCACG	0.724	0.87	0.78
CGAGGA	0.991	0.963	0.945
ATCCAT	0.836	0.831	0.89
GTATCT	0.747	0.816	0.758
CCGATC	1.42	1.183	1.38
GTGGCT	0.786	0.981	0.818
AACTTT	0.831	0.823	0.85
ATGGTA	0.604	0.719	0.676
AACGAT	0.92	0.833	0.798
GACTCT	0.91	0.952	1.054
CTCCCT	0.7	0.676	0.762
ATCTTC	0.833	0.784	0.839
GGGGTA	0.684	0.622	0.992
TTCGTT	0.674	0.808	0.748
GGGAAC	1.296	0.995	1.184
GCTGTC	0.708	0.796	0.74
TCGATC	0.875	0.839	0.899
GTTGGA	0.684	0.834	0.713
AGCGTG	0.731	0.51	0.578
CTAAGT	1.052	0.785	1.002
AAAAAC	0.684	0.666	0.732
GAGTCA	0.82	1.055	0.921
GAGAGA	0.783	1.014	0.954
GCAACC	0.97	0.815	0.921
TCCGGC	0.615	0.608	0.674
ACCTTC	0.97	0.943	1.068
CTCAGA	0.659	0.774	0.723
GCCGAG	0.735	0.883	0.77
TGGCTT	1.172	1.157	1.076
CGTACA	1.044	0.881	0.984
AGTGAT	0.976	0.998	0.876
AGTCAC	0.974	0.931	0.923
CGACGT	1.172	1.004	1.026
GCCTGT	0.846	0.88	0.851
TCTTTT	0.862	0.846	0.876
TTTAAG	0.582	0.722	0.611
ACAACG	0.89	0.812	0.88
CGAATA	2.544	1.758	1.876
TTCGAA	0.824	0.864	0.779
CGTTAT	1.006	0.955	1.024
CTTGGT	0.717	0.826	0.712
ACACAG	0.799	0.784	0.794
CAACTA	0.784	0.774	0.776
GGGGAC	1.032	1.182	0.922
GGTGAG	0.866	0.796	0.784
CGGCAC	1.431	1.144	1.246
GGCTAT	0.923	0.877	0.942
ACGGAC	1.249	0.893	0.976
GCATCA	0.852	0.796	0.882
TATCTG	1.261	1.255	1.137
TCGGTT	0.769	0.775	0.749
CTGCAA	0.924	0.898	0.927
TCCACT	0.713	0.649	0.834
CTGAAT	0.915	0.877	0.866
CCACAT	1.169	0.906	1.181
GTGATT	0.774	0.913	0.724
GTGAGT	0.933	0.582	0.632
ATACAA	2.432	1.65	1.79
AGGAGG	1.651	1.157	1.489
CGTTCA	1.065	0.927	1.019
GCATAT	0.936	0.846	0.892
TGCAAC	0.724	0.842	0.737
TATACC	1.07	0.806	1.171
TGTCGC	1.115	0.858	1.175
TCAACC	0.889	0.689	0.994
GCTAAT	0.799	0.869	0.82
AATAGC	0.894	0.844	0.709
CAGCGC	0.918	0.866	0.849
GTTTAC	0.788	0.92	0.81
AAACGT	0.828	0.836	0.812
TACCGC	0.946	0.708	0.839
GCCTAT	0.97	0.947	0.943
GAGAAG	0.7	0.882	0.832
CCATTT	1.137	0.952	1.107
GACGGC	0.821	0.854	0.838
CTACTT	1.177	0.854	1.221
ACCGAG	0.812	0.808	0.822
CCCGCG	1.381	0.813	1.05
CCCCAA	1.156	0.574	1.075
CACAAG	0.794	0.775	0.874
AATACG	0.912	0.901	0.872
GCGGGT	0.693	0.703	0.664
GGGGGT	0.707	0.716	0.865
TCGACA	0.922	0.86	0.888
GACAGC	0.861	0.788	0.758
AATCAA	0.959	0.879	0.932
ATGTAC	0.872	0.857	0.93
GTCATT	0.69	0.767	0.797
AGTCGT	1.313	0.927	1.138
GTCCCG	0.959	0.923	1.04
ACTAAC	0.84	0.824	0.874
TCTCTC	0.767	0.741	0.85
CGCGTG	0.735	0.83	0.652
AGCCGA	0.989	0.794	0.814
GGCGTG	0.923	0.854	0.754
GGGGCA	0.927	0.682	0.954
GAATCC	0.904	0.889	0.89
GTGAAT	0.827	0.928	0.758
GGGGGC	0.88	1.2	0.735
CTAGTT	0.959	0.876	0.882
AAAGGA	0.825	0.849	0.847
GTATTT	0.789	0.829	0.748
GTTCAG	0.639	0.832	0.717
CAACGT	0.821	0.87	0.842
CCCACA	1.436	0.715	1.338
CCAGGG	0.956	1.134	0.993
CCGTAT	1.633	1.34	1.744
CGCGTT	0.777	0.772	0.773
GGCACA	0.921	0.78	0.849
GCGGCG	0.867	0.727	0.783
CGTCGC	1.104	0.835	1.029
CAACCG	0.906	0.905	0.985
TTGAGA	0.737	0.865	0.724
GATAAT	0.98	1.158	1.018
ACAGAT	1.05	0.906	0.864
CACCGG	0.987	0.741	1.124
CCAGGT	0.875	0.958	0.925
GTCCTC	0.597	0.748	0.772
ACCACC	0.804	0.603	0.927
ATCACT	0.748	0.763	0.814
AAGCTT	0.683	0.875	0.803
GTCTGT	0.824	0.94	0.787
GCAAAT	0.955	0.816	0.824
AAAACT	0.777	0.725	0.768
CTACCC	1.099	0.434	1.064
CCATGT	1.147	0.968	1.165
TCTACC	0.77	0.676	0.874
TTATTG	1.113	1.011	1.067
GGCACC	1.069	0.746	0.904
ACTGGT	0.676	0.769	0.728
TATCCC	1.416	1.004	1.359
CCGGCG	1.261	0.991	1.137
GGGACC	1.326	1.146	1.702
GGTAAC	0.891	0.685	0.83
AAGGTA	0.044	0.301	0.098
AGAAAG	0.69	0.855	0.792
CCGAAC	1.659	1.182	1.551
CCGGAC	1.5	1.197	1.413
CACAGA	0.901	0.831	0.873
CGTTGC	0.982	0.998	0.961
CTGTTA	1.216	1.094	1.116
TGGATG	1.052	1.155	1.067
TTTATG	1.041	0.972	0.976
GATCGC	1.23	1.289	1.175
CACACA	0.862	0.63	0.83
GTTGAC	0.746	0.817	0.72
GGATCG	0.899	0.948	0.938
CGGTCA	1.285	1.497	1.589
CGGCTA	1.196	1.301	1.323
AAACTA	0.67	0.567	0.68
CTAGGT	0.891	1.331	1.021
GACCGG	1.374	1.046	1.316
CCGGCC	1.445	1.172	1.41
TCGGGG	1.037	0.702	0.892
CTTTGT	0.867	0.931	0.81
AGCACG	0.864	0.706	0.828
AATGAA	0.881	0.999	0.932
GCCAGA	0.741	0.706	0.823
AAACCT	0.977	0.933	0.889
GTTCAT	0.816	0.904	0.876
TACGGT	0.739	0.804	0.724
CATGAG	0.919	0.835	0.884
GTGAAC	0.734	0.796	0.724
ACCACG	1.048	0.871	0.994
TACCAT	0.874	0.81	0.912
GAAATT	0.756	0.946	0.799
ATCACC	0.803	0.698	0.873
GCCCGG	0.92	0.807	0.797
CGGACG	1.502	1.336	1.747
GCGCTT	0.786	0.788	0.93
TCACAA	0.842	0.783	0.897
CGCCAT	1.067	0.911	0.983
GCTTCC	0.871	0.856	0.916
GTGATC	0.667	0.922	0.699
GCAATG	0.901	0.829	0.808
TTATAC	1.36	1.239	1.228
ATAACG	1.205	0.806	1.329
AGCTGC	0.77	0.785	0.77
CAGCGA	0.999	0.907	0.938
TGTGCA	0.902	0.886	0.86
CTATCC	1.232	0.732	0.984
TTTTGT	1.165	1.211	0.983
GACATG	0.959	1.056	1.011
GAGTAC	0.919	1.163	1.089
ATTCGC	0.957	0.908	0.854
TGTATT	0.974	1.025	1.129
CGCTAC	1.051	0.86	0.968
CCCTTG	1.344	1.017	1.084
CCTGGC	1.148	1.032	1.21
CATTGC	1.032	1.023	1.026
GGCCCC	0.965	0.578	1.064
TCTGTC	0.827	0.844	0.83
ATCTCT	0.803	0.832	0.798
AGCCTA	0.844	0.748	0.723
TACAAC	0.773	0.824	0.813
CGATGT	1.132	1.164	1.172
GGATCT	0.922	1.051	0.98
ACTACC	0.937	0.722	0.988
GTCACT	0.724	0.814	0.799
AGCTCT	0.882	0.743	0.808
GACCCT	0.919	0.86	0.972
CTCCGC	0.709	0.739	0.646
GAAAAC	0.796	0.848	0.782
TGTGTA	0.754	0.973	0.753
CCGCTC	1.517	0.903	1.444
CGCTTG	0.822	0.856	0.924
GACTTT	0.99	1.074	1.05
GAAGTC	0.748	0.796	0.755
CCTCCA	1.404	0.828	1.332
CAGCCC	1.002	0.542	0.901
GGTCCG	1.262	1.322	1.206
GATGCA	0.971	0.987	0.915
ATACTG	2.371	1.728	1.53
ACTTTT	0.93	1.019	1.047
CGTGTC	0.776	0.889	0.82
GAGCTC	0.836	0.951	0.875
TTACCG	1.583	1.51	1.418
CCGGGC	1.119	0.989	1.152
TACAAA	0.738	0.794	0.85
TCCTGG	1.163	0.913	1.182
