0.45827
0.45941
0.45584
0.45386
0.44801
0.46123
0.45888
0.45886
0.46260
0.38166
0.45104
0.46358
0.44610
0.38305
0.45374
0.38545
0.45879
0.43350
0.36125
0.42194
0.45334
0.45501
0.45477
0.45591
0.43419
0.43691
0.36288
0.45400
0.45516
0.46350
0.37875
0.48171
0.45569
0.45293
0.45513
0.45548
0.48162
0.43140
0.43361
0.46330
0.48247
0.45511
0.38509
0.45971
0.43801
0.45403
0.43925
0.44433
0.43295
0.45732
0.45381
0.46118
0.37725
0.38077
0.46635
0.45376
0.38580
0.45422
0.41731
0.43960
0.45535
0.45361
0.45590
0.45043
0.45085
0.47937
0.45727
0.45354
0.43428
0.38008
0.45426
0.45527
0.45547
0.45492
0.45505
0.43675
0.44863
0.45069
0.37843
0.38361
0.45969
0.43720
0.43942
0.43333
0.47758
0.38224
0.45878
0.43995
0.45509
0.44611
0.43238
0.43387
0.45475
0.45455
0.45025
0.40068
0.43430
0.45901
0.48275
0.45361
0.45618
0.45615
0.48355
0.46235
0.45202
0.45585
0.38683
0.47821
0.45331
0.43504
0.46479
0.45058
0.39549
0.45912
0.44223
0.43251
0.46566
0.45567
0.46361
0.48688
0.43458
0.45930
0.45379
0.45472
0.42844
0.30878
0.45493
0.48289
0.45532
0.45221
0.41328
0.37282
0.35662
0.34060
0.33951
0.44302
0.38713
0.45514
0.45659
0.45836
0.46074
0.45449
0.45109
0.44765
0.45612
0.45469
0.45479
0.45487
0.45408
0.48267
0.45744
0.43053
0.46503
0.43367
0.43234
0.46080
0.45887
0.45446
0.46241
0.37442
0.45783
0.38390
0.44299
0.45367
0.43062
0.37172
0.46520
0.45524
0.45356
0.42186
0.46282
0.45423
0.45217
0.45427
0.45540
0.45486
0.44997
0.34663
0.44402
0.45718
0.45514
0.45436
0.44028
0.47118
0.45497
0.45431
0.45561
0.46150
0.45459
0.45213
0.45037
0.45384
0.45462
0.43391
0.43384
0.36158
0.38599
0.45418
0.43444
0.45427
