0.64998
0.67671
0.70225
0.66152
0.63408
0.64906
0.54357
0.55613
0.66457
0.55845
0.63969
0.65440
0.49332
0.66632
0.56166
0.60659
0.65375
0.48079
0.49500
0.66212
0.65007
0.69241
0.67036
0.52643
0.49787
0.68529
0.52399
0.52227
0.65877
0.46026
0.66154
0.66064
0.57036
0.67868
0.69418
0.64021
0.43944
0.66793
0.57318
0.65984
0.66855
0.56803
0.67149
0.69798
0.68892
0.66879
0.66177
0.43519
0.69279
0.68037
0.64454
0.70628
0.66441
0.67499
0.67095
0.65415
0.65248
0.62772
0.67638
0.70378
0.64479
0.57866
0.69139
0.39225
0.63808
0.64085
0.69906
0.68616
0.64252
0.64349
0.65470
0.63097
0.42276
0.66511
0.65957
0.66417
0.69515
0.68492
0.63183
0.64841
0.65555
0.65248
0.34764
0.48053
0.70230
0.47908
0.65107
0.45748
0.67111
0.67519
0.65966
0.49010
0.68720
0.59119
0.38816
0.60561
0.38034
0.64165
0.67491
0.48703
0.64668
0.64325
0.51138
0.67310
0.65762
0.66697
0.64994
0.66404
0.59049
0.67029
0.67777
0.64762
0.67237
0.68078
0.49990
0.69528
0.68369
0.63231
0.68638
0.53199
0.69786
0.67478
0.65319
0.67802
0.67857
0.63919
0.67176
0.65488
0.67651
0.65241
0.66970
0.65381
0.67059
0.40163
0.69092
0.42380
0.37677
0.64949
0.70930
0.40809
0.67225
0.65939
0.65888
0.70002
0.62979
0.67073
0.65541
0.49491
0.40369
0.66149
0.47353
0.67576
0.37877
0.59244
0.67820
0.66120
0.63174
0.55802
0.48837
0.36215
0.63742
0.64973
0.65191
0.65110
0.62082
0.63669
0.48128
0.68345
0.67985
0.41060
0.63844
0.67407
0.68054
0.55386
0.68668
0.48794
0.48550
0.52304
0.65525
0.66781
0.71049
0.59721
0.63238
0.70904
0.50694
0.69203
0.54616
0.66520
0.69472
0.52188
0.71904
0.67526
0.53657
0.65767
0.68443
0.56463
0.68739
0.68761
0.63564
0.62658
