0.54116
0.45905
0.63686
0.63218
0.43989
0.50331
0.62232
0.62122
0.56893
0.62781
0.60975
0.60444
0.51066
0.55863
0.61596
0.61108
0.60062
0.63688
0.41419
0.64700
0.62483
0.59634
0.61990
0.59646
0.62189
0.64401
0.58908
0.62250
0.58503
0.47960
0.59012
0.41012
0.57190
0.63129
0.61522
0.56155
0.60426
0.62285
0.46074
0.52555
0.62795
0.59708
0.48070
0.54736
0.60743
0.64373
0.40348
0.54705
0.60672
0.63231
0.63641
0.62235
0.59351
0.55886
0.60735
0.62152
0.57004
0.61477
0.53391
0.62006
0.64090
0.62014
0.59584
0.63325
0.61639
0.58466
0.64016
0.62948
0.48819
0.52569
0.62582
0.59137
0.63865
0.62909
0.61877
0.62859
0.57201
0.46787
0.60843
0.60865
0.62359
0.59350
0.61249
0.41454
0.57484
0.62714
0.53277
0.60035
0.61224
0.61773
0.52499
0.51728
0.50663
0.52681
0.63516
0.50318
0.53216
0.60917
0.54355
0.63203
0.37644
0.57920
0.61216
0.58984
0.54687
0.62684
0.62405
0.61658
0.49846
0.62718
0.57547
0.62503
0.60729
0.61876
0.53884
0.54660
0.58471
0.51756
0.49796
0.62522
0.62859
0.54360
0.52346
0.60601
0.58678
0.52937
0.44748
0.60538
0.63228
0.60186
0.54691
0.62330
0.60111
0.57374
0.61125
0.57221
0.63152
0.63088
0.59502
0.48333
0.61820
0.63510
0.58274
0.56086
0.48268
0.62285
0.55350
0.54007
0.62812
0.63353
0.62847
0.63515
0.54769
0.64416
0.61975
0.60510
0.46939
0.51821
0.60140
0.54572
0.60879
0.56975
0.61448
0.57000
0.59863
0.61140
0.62252
0.61579
0.61579
0.62894
0.57366
0.58408
0.63808
0.63991
0.62590
0.63418
0.60881
0.59095
0.63278
0.61335
0.64040
0.63836
0.53172
0.47605
0.60352
0.55716
0.59747
0.41200
0.60021
0.54227
0.63602
0.53914
0.63538
0.62287
0.62694
0.60560
0.61354
0.59199
0.62622
0.60834
