codon	tAI	CSC	CU_young	CU_middle	CU_old
AAA	0.43103450000000004	-0.1485	0.0206	0.0217	0.0221
AAC	0.6157635	0.06772	0.0278	0.0275	0.0271
AAG	1.0	0.1029	0.054	0.0525	0.0515
AAT	0.2703202	-0.1284	0.0171	0.0181	0.0187
ACA	0.2463732	-0.1423	0.0101	0.0107	0.0112
ACC	0.48768469999999997	0.1267	0.0234	0.0225	0.0225
ACG	0.1403941	-0.1551	0.0048	0.0049	0.0051
ACT	0.6773399	0.1434	0.0181	0.0188	0.0188
AGA	0.6773399	0.0419	0.014	0.014	0.0144
AGC	0.1231527	-0.1485	0.0073	0.0074	0.0077
AGG	0.2783251	-0.1926	0.0012	0.0013	0.0013
AGT	0.05406404	-0.1551	0.0051	0.0054	0.0058
ATA	0.1232328	-0.2562	0.002	0.0021	0.0022
ATC	0.5763547	0.1121	0.0312	0.0303	0.0303
ATG	0.6157635	-0.06376	0.0238	0.0236	0.0238
ATT	0.8004926	0.04863	0.0214	0.0221	0.0222
CAA	0.5541872	0.07218	0.0308	0.0302	0.0296
CAC	0.43103450000000004	0.06833	0.013	0.0126	0.0126
CAG	0.2389163	-0.1305	0.0142	0.0139	0.0143
CAT	0.1892241	-0.08582000000000001	0.0089	0.009	0.0095
CCA	0.6157759	0.1561	0.0351	0.034	0.0334
CCC	0.08866995	-0.08799	0.002	0.0021	0.0022
CCG	0.1970443	-0.1803	0.0052	0.0053	0.0057
CCT	0.1231527	0.0006259999999999999	0.004	0.0041	0.0044
CGA	3.69e-05	-0.1966	0.0053	0.0053	0.0055
CGC	0.2660099	-0.1016	0.014	0.0131	0.0128
CGG	0.06157635	-0.1272	0.0019	0.0019	0.002
CGT	0.36945809999999996	0.07926	0.021	0.02	0.0198
CTA	0.1847291	-0.1286	0.0025	0.0026	0.0028
CTC	0.06157635	-0.1362	0.0263	0.0255	0.0251
CTG	0.0591133	-0.1641	0.0068	0.007	0.0073
CTT	0.02703202	-0.1282	0.0268	0.0265	0.0258
GAA	0.8620690000000001	0.09142	0.0324	0.0329	0.0327
GAC	0.9852216999999999	0.060779999999999994	0.0224	0.0224	0.0223
GAG	0.39901479999999995	-0.1188	0.0411	0.0396	0.0382
GAT	0.43251229999999996	-0.05355	0.0297	0.0306	0.0309
GCA	0.3079495	-0.08455	0.0117	0.0124	0.013
GCC	0.48768469999999997	0.17600000000000002	0.0271	0.0264	0.0265
GCG	0.09852217	-0.1016	0.0049	0.0051	0.0053
GCT	0.6773399	0.2489	0.0334	0.0332	0.0329
GGA	0.1847291	-0.1232	0.0476	0.0473	0.0462
GGC	0.9852216999999999	-0.01154	0.005	0.0052	0.0053
GGG	0.182266	-0.09315	0.0021	0.0023	0.0022
GGT	0.43251229999999996	0.2134	0.0088	0.0091	0.0091
GTA	0.12323889999999998	-0.1892	0.0046	0.0048	0.005
GTC	0.6206897	0.1995	0.0273	0.0267	0.0265
GTG	0.1625616	-0.09527999999999999	0.0095	0.0098	0.0101
GTT	0.8620690000000001	0.1911	0.0273	0.0275	0.0271
TAC	0.4926108	0.09978	0.0212	0.0208	0.0207
TAT	0.21625619999999998	-0.08728999999999999	0.0096	0.0103	0.0105
TCA	0.18479679999999998	-0.1158	0.011	0.0115	0.0121
TCC	0.48768469999999997	0.1349	0.0174	0.0168	0.0167
TCG	0.1206897	-0.1259	0.0089	0.009	0.0094
TCT	0.6773399	0.142	0.0167	0.017	0.0166
TGC	0.2463054	-0.08052999999999999	0.0101	0.0108	0.0105
TGG	0.36945809999999996	-0.02225	0.0094	0.0097	0.0097
TGT	0.10812809999999999	-0.0324	0.0053	0.0059	0.0061
TTA	0.43103450000000004	-0.03692	0.0024	0.0026	0.0027
TTC	0.6157635	0.09424	0.0307	0.0305	0.0302
TTG	0.7536946	0.1994	0.0142	0.0145	0.0146
TTT	0.2703202	-0.07787999999999999	0.0088	0.0093	0.0095
