0.62613
0.61397
0.54862
0.59692
0.61354
0.59201
0.51191
0.64548
0.59733
0.62514
0.56435
0.63074
0.59128
0.60528
0.61299
0.57507
0.60667
0.50720
0.45315
0.49279
0.56817
0.59586
0.49907
0.55498
0.44333
0.50534
0.58038
0.55004
0.62653
0.63390
0.57382
0.55709
0.62771
0.59575
0.62085
0.62868
0.54998
0.60357
0.50812
0.48367
0.57698
0.46287
0.47843
0.57307
0.55033
0.52849
0.56412
0.55243
0.43170
0.53987
0.47885
0.48696
0.55391
0.56321
0.54062
0.63375
0.52413
0.50660
0.60153
0.58461
0.52291
0.53378
0.62937
0.55289
0.55340
0.58241
0.57590
0.61821
0.58427
0.63205
0.59619
0.49210
0.62070
0.57585
0.54929
0.38727
0.59264
0.63372
0.54631
0.36881
0.41964
0.49830
0.63065
0.60850
0.42407
0.59696
0.45015
0.60936
0.41926
0.50796
0.63180
0.61813
0.58992
0.62143
0.57165
0.58644
0.55343
0.58391
0.55909
0.59527
0.48797
0.54820
0.60450
0.62732
0.62862
0.62004
0.59406
0.39271
0.62994
0.56991
0.54129
0.36894
0.62878
0.58968
0.54889
0.58377
0.54039
0.59234
0.55791
0.36594
0.54875
0.55627
0.49447
0.56773
0.58277
0.62142
0.62432
0.54510
0.62324
0.60112
0.63577
0.56153
0.59770
0.55743
0.61027
0.59644
0.55739
0.62506
0.56902
0.55894
0.56841
0.55499
0.62824
0.56127
0.33912
0.62920
0.55593
0.50959
0.47038
0.59197
0.53703
0.47277
0.48964
0.58042
0.61458
0.48324
0.57184
0.55317
0.46523
0.55495
0.59030
0.55428
0.55464
0.62885
0.61133
0.61338
0.61667
0.54677
0.56699
0.58795
0.50875
0.60137
0.63837
0.56170
0.51170
0.58390
0.58606
0.48858
0.43059
0.48228
0.48310
0.56634
0.60053
0.62422
0.63102
0.51716
0.60652
0.49082
0.58384
0.59133
0.41567
0.63426
0.50351
0.47194
0.55674
0.49477
0.62667
0.49154
0.48287
0.60319
