0.79055
0.78966
0.79698
0.79547
0.80025
0.79965
0.79455
0.78904
0.78744
0.79331
0.79250
0.79831
0.79425
0.79023
0.79823
0.80129
0.78363
0.79958
0.80612
0.79369
0.85351
0.83348
0.84479
0.82358
0.81898
0.83538
0.83659
0.83996
0.84627
0.82814
0.83345
0.83827
0.83996
0.83555
0.84394
0.83261
0.83935
0.84424
0.84055
0.84431
0.86413
0.85686
0.86803
0.86337
0.86074
0.86432
0.86741
0.86455
0.86271
0.86525
0.86702
0.85954
0.85933
0.86296
0.86750
0.86764
0.86408
0.86636
0.86422
0.86054
0.85257
0.85640
0.85104
0.84255
0.85256
0.84221
0.85154
0.85036
0.84634
0.85232
0.85426
0.84814
0.85099
0.84947
0.84693
0.84079
0.84669
0.85024
0.84695
0.84816
0.84193
0.85871
0.85411
0.85804
0.85496
0.86007
0.86061
0.86182
0.85949
0.85448
0.85644
0.85424
0.84741
0.86461
0.86087
0.85021
0.85459
0.85464
0.85511
0.86193
0.71331
0.72782
0.73299
0.71667
0.71525
0.72000
0.73399
0.71558
0.70578
0.72678
0.74848
0.73288
0.71224
0.72928
0.71412
0.71288
0.72092
0.72764
0.71897
0.72181
0.87158
0.87597
0.87487
0.87451
0.87297
0.87406
0.87531
0.87785
0.86986
0.87553
0.87469
0.87566
0.87431
0.87377
0.87281
0.87297
0.87657
0.87121
0.86972
0.87024
0.82652
0.81606
0.82488
0.82518
0.81447
0.81265
0.81270
0.83040
0.80859
0.81727
0.83030
0.82420
0.82071
0.82847
0.81429
0.81426
0.81697
0.81751
0.81744
0.83005
0.79507
0.81357
0.78947
0.78739
0.80490
0.79646
0.79100
0.80025
0.82445
0.80212
0.79944
0.80048
0.80082
0.82238
0.80875
0.78434
0.80073
0.80644
0.79801
0.80411
0.83283
0.81789
0.82742
0.82989
0.83144
0.82900
0.83442
0.82880
0.82682
0.83353
0.82411
0.83003
0.82920
0.82958
0.82786
0.83283
0.82974
0.83135
0.82953
0.82677
