0.77923
0.75988
0.77199
0.77352
0.78536
0.78059
0.77683
0.77078
0.77973
0.76461
0.77847
0.76241
0.77042
0.77934
0.77233
0.77967
0.78200
0.75881
0.77163
0.76272
0.81920
0.79802
0.80726
0.81944
0.80886
0.81150
0.79195
0.81074
0.81249
0.80647
0.80412
0.80521
0.81940
0.80965
0.80971
0.80701
0.81030
0.80852
0.80826
0.79846
0.84610
0.84207
0.83959
0.85227
0.85051
0.83712
0.84271
0.84793
0.84677
0.84941
0.84558
0.83168
0.83401
0.83750
0.84971
0.84327
0.84610
0.84959
0.85622
0.84343
0.82843
0.84033
0.83585
0.83274
0.83168
0.82749
0.82174
0.83187
0.83661
0.83540
0.83768
0.83549
0.83230
0.83221
0.84271
0.83092
0.83235
0.83459
0.83750
0.83641
0.82678
0.82819
0.83284
0.83403
0.83418
0.83200
0.83240
0.83352
0.82970
0.83250
0.83256
0.82373
0.82064
0.82899
0.83162
0.82379
0.83247
0.83978
0.83132
0.83867
0.68586
0.68851
0.69436
0.69134
0.67504
0.69099
0.68780
0.68560
0.69129
0.69724
0.70465
0.70038
0.68625
0.68375
0.69303
0.68377
0.68945
0.69566
0.68563
0.69352
0.85106
0.85813
0.85798
0.84827
0.85471
0.85553
0.85475
0.85556
0.85733
0.85784
0.85294
0.85603
0.85446
0.86120
0.84604
0.86061
0.85874
0.85656
0.85999
0.85722
0.79432
0.78961
0.80389
0.78702
0.79391
0.79982
0.78712
0.81244
0.79578
0.79914
0.80164
0.79319
0.80104
0.79928
0.79850
0.78896
0.78778
0.79784
0.80243
0.79916
0.76501
0.77135
0.75819
0.77654
0.75613
0.77593
0.76813
0.76467
0.76494
0.76935
0.76547
0.76372
0.77112
0.77182
0.77600
0.76704
0.76616
0.76269
0.76477
0.76002
0.80692
0.80674
0.80502
0.81195
0.80993
0.81433
0.81124
0.81737
0.81406
0.81601
0.81355
0.81388
0.81626
0.81293
0.80915
0.81325
0.81082
0.81290
0.80959
0.80702
