0.66890
0.68568
0.72729
0.74110
0.72539
0.59066
0.73951
0.68475
0.68120
0.72433
0.72572
0.72014
0.66384
0.71770
0.65378
0.63975
0.72299
0.67423
0.72312
0.74143
0.74221
0.72128
0.73406
0.49221
0.54650
0.58398
0.70411
0.74389
0.71563
0.73286
0.70222
0.71866
0.67891
0.71589
0.71565
0.75093
0.46806
0.54973
0.56353
0.64411
0.72343
0.71857
0.71422
0.64438
0.71986
0.71175
0.67829
0.46583
0.72236
0.73488
0.59719
0.73967
0.71964
0.71894
0.72354
0.71475
0.74953
0.71911
0.66697
0.62440
0.72305
0.72663
0.71938
0.73592
0.74526
0.73909
0.74142
0.74201
0.74399
0.73913
0.71786
0.69425
0.74417
0.72702
0.72318
0.71307
0.65874
0.53558
0.74792
0.72750
0.59695
0.64414
0.71442
0.72150
0.61170
0.71716
0.73975
0.72531
0.70940
0.74706
0.71331
0.69676
0.52011
0.62495
0.61192
0.72133
0.64766
0.72984
0.72735
0.71396
0.72863
0.66459
0.65225
0.74521
0.73520
0.53799
0.75495
0.74084
0.63075
0.56489
0.72365
0.74433
0.73293
0.71941
0.73001
0.73643
0.73452
0.73890
0.74192
0.72053
0.73486
0.62640
0.63663
0.72946
0.70636
0.63777
0.65625
0.71864
0.63742
0.75227
0.64706
0.76487
0.74453
0.59575
0.74189
0.67478
0.71857
0.73477
0.73483
0.75976
0.66809
0.72554
0.66487
0.74030
0.71751
0.63910
0.55135
0.72540
0.59882
0.73560
0.72007
0.72606
0.55758
0.73960
0.75264
0.69556
0.69805
0.74853
0.69443
0.63720
0.59755
0.66505
0.75373
0.54996
0.65816
0.72637
0.66319
0.71773
0.72477
0.63458
0.68117
0.72717
0.64907
0.74929
0.74090
0.72831
0.71676
0.73757
0.52142
0.73899
0.55551
0.62173
0.74531
0.63996
0.74293
0.57077
0.71606
0.71783
0.72945
0.74151
0.71838
0.64837
0.72508
0.72761
0.60006
0.46702
0.72953
0.74067
0.54739
0.74464
