0.71592
0.72373
0.71876
0.71041
0.72245
0.70741
0.70320
0.70437
0.69933
0.70960
0.72601
0.71942
0.70788
0.71929
0.71101
0.72542
0.71463
0.72235
0.72645
0.71692
0.75194
0.75933
0.75129
0.77048
0.74124
0.77729
0.73629
0.74862
0.75802
0.75624
0.72392
0.74809
0.75943
0.76893
0.76023
0.76403
0.77490
0.75947
0.77024
0.74093
0.73852
0.74867
0.74324
0.74151
0.73367
0.74803
0.73860
0.74585
0.75754
0.74197
0.75607
0.74145
0.73472
0.74038
0.75070
0.74259
0.74602
0.75289
0.73410
0.73982
0.74729
0.76430
0.76367
0.76302
0.74570
0.75145
0.74289
0.75365
0.76032
0.76245
0.74514
0.75498
0.75322
0.74669
0.75890
0.74484
0.73794
0.76550
0.75274
0.75014
0.73546
0.73534
0.70621
0.73845
0.74094
0.72000
0.73840
0.73927
0.74014
0.74547
0.73567
0.73572
0.74658
0.74194
0.73728
0.72904
0.73629
0.73781
0.72753
0.74015
0.55959
0.56890
0.58581
0.58145
0.56460
0.57325
0.57345
0.57537
0.57584
0.56806
0.57945
0.58202
0.56643
0.57818
0.56071
0.55844
0.58084
0.56915
0.56725
0.58591
0.73353
0.73296
0.73071
0.72962
0.73364
0.73348
0.73717
0.73155
0.72156
0.73151
0.73501
0.74115
0.73295
0.73493
0.73270
0.73651
0.72713
0.73293
0.72827
0.72641
0.72475
0.73092
0.73703
0.73638
0.71450
0.74383
0.74079
0.72838
0.71783
0.74035
0.72689
0.71733
0.73894
0.73986
0.74105
0.73693
0.72016
0.73781
0.72970
0.72941
0.67496
0.65810
0.63400
0.63775
0.62643
0.65695
0.64181
0.63117
0.64048
0.65043
0.63576
0.63785
0.64503
0.65571
0.65754
0.67933
0.65694
0.65467
0.65451
0.64614
0.70759
0.70711
0.70910
0.70298
0.70472
0.70070
0.70934
0.70653
0.70029
0.71317
0.70501
0.70793
0.70054
0.70010
0.70445
0.70782
0.71186
0.70251
0.70489
0.70339
