AA	AC	AG	AT	CA	CC	CG	CT	GA	GC	GG	GT	TA	TC	TG	TT
1.62087	2.15674	0.6175	-0.09361	-3.20613	4.04571	-3.33149	3.8742	0.40502	-4.38275	-4.48467	0.74123	-3.16979	2.38623	-2.95924	1.76813
1.03035	2.53011	0.39854	-0.21104	-3.39073	2.07151	-3.53491	4.43639	3.51734	-2.87494	-2.96871	2.21909	-3.80737	1.48223	-3.5782	8.662
-0.69941	3.79454	-1.57342	-2.06414	-2.5554	2.65041	-2.61907	1.69713	2.82041	-0.57663	-0.64651	3.0515	-3.18946	0.94885	-3.04093	1.31294
0.0264	1.06026	-0.52104	-1.17955	-3.99248	-0.55352	-4.10459	0.56035	1.4241	-2.54645	-2.58966	3.89348	-3.99597	1.37978	-3.74721	-0.45522
0.71789	0.2444	-0.89361	-1.58089	-3.19899	4.00651	-3.28533	1.32589	0.07932	-1.92266	-1.94539	-0.04187	-4.68844	4.42067	-4.49499	-0.32226
-0.26547	-0.6739	-1.64252	-2.41148	-7.34123	4.08731	-7.4861	-0.3107	2.35887	-2.34783	-2.38723	3.61219	-5.41525	3.4188	-5.22318	3.05285
-1.73177	0.61113	-2.68481	-3.2147	-2.31297	1.63033	-2.43165	1.70933	1.12836	-1.63698	-1.71334	1.76112	-3.02207	2.39873	-2.82859	0.92282
-1.21754	-0.0552	-3.53266	-3.8141	-1.63034	4.60976	-1.72115	4.34646	-3.01715	-4.66101	-4.71064	0.03354	-4.53925	-0.32183	-4.32998	0.24011
-0.35415	1.4582	-0.99842	-1.66757	-3.55902	4.74883	-3.70188	0.25533	2.93827	-1.93363	-1.98262	2.22176	-2.54942	4.19049	-2.27926	2.44275
-0.27197	0.06225	-1.26252	-1.90359	-1.03714	5.04188	-1.17436	3.81269	-0.26571	-5.52856	-5.6439	0.30201	-2.61072	1.01089	-2.3617	4.14706
4.38618	2.44808	0.5339	0.25425	-2.73385	0.7596	-2.84172	0.68733	-0.0397	-3.33304	-3.39753	0.19548	-2.93972	2.02338	-2.74609	2.55761
-2.27143	2.51814	-2.88291	-3.57529	-4.24039	-0.304	-4.4043	-1.02231	2.85188	-1.23213	-1.3086	2.92	-5.16853	-0.95054	-4.85897	2.83214
1.05742	-0.10578	-0.01725	-0.96702	-3.36966	1.40472	-3.4808	-0.99126	0.76366	-1.72483	-1.75728	1.53105	-3.51588	1.51379	-3.27937	1.69456
-0.52562	-2.25352	-2.74683	-3.44186	-5.12446	-0.64739	-5.26711	0.38054	2.10525	-0.40762	-0.43577	1.38864	-2.96164	4.55571	-2.74965	2.02651
-0.81427	-1.49585	-2.60204	-3.16949	-3.26108	3.60033	-3.39284	0.17643	5.83124	0.06832	-0.00771	3.4138	-4.52075	-0.05439	-4.28763	0.49693
1.72077	1.50468	0.09785	-0.5782	-1.56714	6.72452	-1.72728	1.64603	3.4377	-3.18838	-3.24514	1.28553	-1.60475	4.08091	-1.32852	2.20541
2.29037	2.50676	-0.08242	-0.4139	-2.88903	4.67787	-2.99592	2.72568	0.27543	-0.87498	-0.89257	0.66324	-1.36745	2.42168	-1.18747	1.69542
0.44822	-1.9492	-4.48677	-4.81061	-2.09331	3.89647	-2.19411	0.69158	4.38873	-4.90743	-4.97616	0.77909	-4.05605	2.83906	-3.83712	-0.00521
-0.21457	3.24308	-1.07484	-1.60884	-1.60789	1.58279	-1.75819	1.6562	4.59919	-1.94622	-2.0161	-0.14346	-2.47623	2.32797	-2.28421	3.06011
0.89438	2.79293	-0.59233	-0.99628	-2.78192	0.56775	-2.92119	2.56965	0.47421	-1.32487	-1.41819	1.81265	-1.61723	1.25294	-1.36688	3.99526
