codon	RD_young	RD_middle	RD_old
ATAGAG	0.828	0.826	0.769
TGGCCT	1.712	1.39	1.204
ACATCA	0.878	0.746	0.646
GTCTCG	0.92	0.832	0.808
GTGCAC	0.974	0.857	0.892
GGTACT	1.042	1.042	1.03
TATCTC	1.092	1.067	0.954
GTGCTG	1.376	1.104	1.103
AAGCAA	0.702	0.736	0.755
CGTTCC	1.047	0.826	0.918
CTCGTT	0.828	0.774	0.856
CTGAAC	1.062	1.113	1.084
GTAGGA	0.926	0.838	0.811
GACTGC	1.16	0.883	1.004
GTTAGA	0.65	0.72	0.764
CACCCA	0.906	0.85	0.877
ATTTGC	0.776	0.885	0.879
AGATTT	0.707	0.851	0.879
AGGCTG	1.018	1.122	0.99
ACTGTA	0.748	0.73	0.735
CGTACC	0.788	0.899	1.007
GATGGA	1.212	1.037	1.09
CGTCAT	0.765	0.726	0.854
CGTATA	0.813	1.004	0.94
CAGTTG	0.929	0.868	0.869
AGGCAA	0.997	0.973	0.917
AGATGG	0.938	1.052	1.076
AATGTT	0.688	0.846	0.876
AGGTAT	1.082	1.099	1.177
CGAGTC	1.226	1.019	1.122
GGAAGT	0.974	0.969	1.063
TACACA	0.973	0.82	0.896
GCTGAG	0.993	0.875	0.959
CATTCT	0.788	0.718	0.778
CGAAAC	1.425	1.584	1.392
ACGCTG	1.301	1.099	1.006
GACCAG	0.99	0.784	0.8
CTTTGC	1.033	1.091	1.034
TGTCTT	0.957	0.83	0.908
GGAGGC	1.358	1.181	1.133
TGGAGG	0.939	0.947	0.946
CATGTG	1.02	0.869	0.932
ATTCGA	1.227	1.474	1.432
ACGGGT	1.051	0.918	0.906
CCATCG	1.288	0.999	0.952
TATGTC	0.781	0.86	0.894
ATTGAT	0.646	0.759	0.818
GCTCGG	1.246	0.899	1.09
GGGCCC	1.439	1.154	1.092
GGGAAG	0.991	0.872	0.823
GACCTG	1.214	0.909	0.932
CGGCCC	3.416	1.466	1.379
ACCGTC	0.619	0.631	0.665
GTTAAC	0.633	0.731	0.799
TTTTTA	0.64	0.679	0.67
GAATCA	0.871	0.839	0.836
ACTCAG	0.828	0.828	0.724
TCGTTC	0.97	0.874	0.85
AGAGGA	0.868	0.791	0.854
ATTACT	0.576	0.723	0.747
TCTGTG	1.078	0.967	0.996
CTGAAG	1.083	1.281	1.185
GGTTAC	1.05	0.99	1.059
GGCTCC	1.181	1.005	1.045
CGGTCC	1.719	1.426	1.379
GCACGG	0.855	0.968	0.96
CCGCCG	3.264	4.074	3.268
ACGAAC	1.188	0.896	0.952
ATAGGT	0.794	0.947	0.929
GGCATC	1.028	0.967	1.0
GTATGC	0.938	0.805	0.835
CAGGCG	1.241	0.944	0.811
CAAAGT	0.77	0.778	0.815
ACCTAT	0.815	0.867	0.834
GACAAT	0.782	0.752	0.787
ATAGGC	0.99	1.138	0.972
GTTATG	0.568	0.752	0.836
ATGACC	0.606	0.69	0.746
TCGGTC	1.008	0.952	0.914
ACGGAG	1.23	1.005	0.918
AGACGC	0.928	0.984	0.978
AGAGAC	0.898	0.874	0.862
GGTGTA	0.976	0.934	0.889
GCCCAC	0.786	0.749	0.825
ACATAC	0.927	0.787	0.772
TACGAG	0.995	0.853	0.91
CTCGCA	0.975	0.927	0.875
TTCCTG	1.101	1.136	1.089
CTCGGA	1.355	1.172	1.196
TTGGTT	0.635	0.776	0.808
GGTCAA	0.899	0.825	0.824
ACCATA	0.786	0.769	0.737
CATTCA	0.845	0.791	0.732
GCATTT	0.799	0.746	0.754
CGTCTC	0.878	0.894	0.904
ATACGA	1.279	1.932	1.451
ACTATG	0.73	0.824	0.834
TGGTCG	1.249	1.122	0.976
TTTAGA	0.786	0.856	0.868
AACCGA	1.38	0.918	1.163
GTAAGG	1.068	0.811	0.846
GGTATC	0.858	0.848	0.897
CAGGAG	1.033	0.833	0.866
GGGCTA	1.266	0.99	1.034
ACGATA	1.149	1.012	0.947
GTTTCA	0.707	0.699	0.701
GGAGTA	1.003	0.873	0.886
TCTCGA	1.44	1.18	1.269
CGCTGC	1.776	1.352	1.432
AGTGCA	0.758	0.806	0.808
CAACTG	1.004	0.918	0.883
CAGATG	0.976	0.93	0.957
CAAAGC	0.756	0.792	0.73
AAAGAC	0.884	0.87	0.899
TGGTAT	1.062	1.021	0.91
GCCCCC	0.952	0.853	0.889
TGCGTC	1.083	1.023	0.939
CTGTCT	1.176	1.182	1.15
TCGGAG	1.23	0.961	0.923
GATCCT	1.225	1.211	1.239
TACTAT	0.902	0.942	0.95
TGGTTG	1.034	0.953	0.925
CCTGTC	1.05	1.096	1.12
CCTGGG	1.907	1.872	1.912
GGCCCG	1.664	1.749	2.208
ACAGTG	1.016	0.834	0.834
ATACTC	0.888	1.035	0.826
TCATAC	0.901	0.854	0.802
AACTAC	0.993	1.085	1.166
TATGCC	0.815	0.836	0.915
GTGTGG	0.951	1.07	1.029
CCCTGG	2.05	1.85	1.511
AAAAGC	0.924	0.971	0.969
GACCTC	1.101	0.924	1.008
CTTCTT	0.967	0.922	0.898
GGTCGC	1.402	1.033	1.062
GAGAGC	0.924	0.676	0.752
GCTATC	0.717	0.759	0.758
ACTACA	0.938	0.859	0.836
ATCAGG	0.692	0.787	0.816
CGTAAA	0.758	1.023	1.091
GGTATG	0.856	0.919	0.94
TTTGGG	0.874	0.899	0.918
CGGAAC	1.846	1.575	1.418
AGTCAG	0.681	0.694	0.711
GAATTT	0.732	0.807	0.861
AAGATA	0.742	0.915	0.91
GGTGAT	0.948	0.902	0.977
CCTGAC	1.612	1.457	1.51
TTAGTA	0.598	0.621	0.695
CACCCC	1.061	0.954	0.831
CCGCTG	2.047	2.031	1.654
CCCATT	1.278	0.969	0.927
GCTTTC	0.821	0.798	0.816
GGCACT	1.293	1.056	1.006
TTCAAG	0.684	0.771	0.79
TCCGTT	0.722	0.783	0.753
CAAGGC	0.925	0.854	0.779
CATAAC	0.804	0.816	0.822
GTATTA	0.714	0.761	0.776
AAGATT	0.678	0.818	0.878
ATTAAC	0.538	0.687	0.706
TTAACG	0.885	0.842	0.789
TGGCGC	2.104	1.203	1.139
AACCTC	1.118	0.888	0.917
CTCCGT	0.92	1.02	0.987
CGGTTT	1.925	1.54	1.491
GGATTC	1.048	0.954	0.91
GATAGG	0.994	1.026	1.002
CTATGT	0.854	0.892	0.892
GGCCTT	1.224	1.023	1.229
CGTGAC	0.915	0.899	0.93
GTATAC	0.985	0.882	0.864
AGAGCG	0.998	1.16	1.022
AAAGGC	1.041	1.006	1.001
AGGGGG	0.826	0.705	0.85
TCACGA	1.019	1.417	1.168
AAGGGT	0.76	0.869	0.844
GTTCCC	0.961	0.892	0.961
CCTGAA	1.337	1.246	1.431
TCACAT	0.918	0.784	0.738
CGACTA	1.671	1.388	1.038
ACGAAT	1.096	0.979	0.926
TGGCAT	1.528	1.073	0.94
ACTAGA	0.859	0.92	0.844
GGAGCG	1.66	1.655	1.376
AAGCAG	0.787	0.706	0.708
GGGTGC	1.791	0.913	1.011
CGGGGC	1.422	1.12	1.322
CCGAGG	2.554	2.394	2.028
GTTTCG	0.911	0.814	0.913
TCAGAC	0.853	0.722	0.702
CAAAAT	0.702	0.786	0.744
ACGGTG	1.395	1.016	0.992
TATGAC	0.83	0.855	0.945
TGGCTA	1.354	1.009	0.912
AGGAAG	0.842	0.942	1.001
GCGCAT	0.838	0.935	0.85
CCAAAA	1.064	1.056	1.066
CGGATG	1.38	1.321	1.311
GCAGCC	1.003	0.802	0.768
GATGGC	1.188	0.969	1.008
ACCCCA	0.794	0.776	0.796
CTGGGA	1.143	1.044	0.925
CGCGAG	1.114	0.859	0.906
ATGTCC	0.705	0.762	0.777
TCACGC	1.081	0.883	0.74
ATTCCC	0.798	0.978	1.028
CCCTTT	1.175	1.107	1.0
TTGTCC	0.774	0.819	0.91
CCAGAG	1.308	1.085	1.184
AGCGAG	0.836	0.754	0.684
GGCCGA	2.149	1.261	1.354
GGAGGT	1.216	1.091	0.991
TTCTCA	0.763	0.751	0.759
TCCGGT	0.779	0.785	0.806
ATAAAA	0.693	0.88	0.844
CGCACG	1.215	0.779	0.931
GAAGCC	0.904	0.828	0.85
AGAAGG	0.9	0.948	0.974
AGTTGC	0.88	0.936	1.021
CGCCGC	1.229	0.868	0.903
ACAGGC	1.178	0.928	0.886
TGCCCG	1.787	2.496	2.756
ACGACC	0.925	0.774	0.781
AGCCCG	1.914	2.492	2.313
TCGGTA	1.079	1.049	0.994
CGACGG	3.171	4.834	4.037
CACGAC	0.947	0.795	0.816
CTACGT	0.999	0.993	0.998
AGGGCC	0.837	0.806	0.87
CAATCG	1.062	0.858	0.757
TACATG	0.822	0.846	0.918
AACGGA	0.978	0.88	0.889
GAACGA	0.977	1.079	1.023
AGGCAG	1.025	0.923	0.929
GCACAC	0.711	0.68	0.671
GCCGCA	0.991	0.827	0.853
ACAATT	0.776	0.76	0.69
GTTACC	0.64	0.641	0.769
ACGCAG	1.233	0.884	0.849
CTCCTG	1.605	1.921	1.678
AAAGAA	0.893	1.027	0.978
ACATTA	0.822	0.73	0.671
CCGGGT	1.456	1.374	1.479
TTTAGC	0.765	0.782	0.85
GTCACC	0.68	0.681	0.722
CGCCTC	1.406	0.783	1.07
TCTGTT	0.738	0.806	0.823
AACATT	0.701	0.832	0.872
ACCAGA	0.737	0.779	0.797
GCAAGA	0.885	0.809	0.762
CTGGAA	0.989	0.899	0.842
CATTCC	0.793	0.76	0.747
TTACAA	0.626	0.703	0.682
AAATCA	0.891	0.931	0.893
GCGGCT	1.041	0.912	0.88
TACAAG	0.788	0.851	0.881
CGGCCG	2.134	2.308	3.351
GAAGTT	0.772	0.842	0.912
TTCGAC	0.825	0.796	0.9
TTTGAA	0.76	0.843	0.861
CCCGCC	1.399	0.995	1.018
AATCAT	0.75	0.81	0.811
GTAGAG	0.864	0.682	0.676
GCACTT	1.007	0.822	0.792
CATCTC	1.043	0.94	0.824
CAGAAT	0.968	0.948	0.898
CGTGTT	0.769	0.876	0.97
AACTGC	1.068	0.931	0.944
AGCATC	0.69	0.617	0.752
CTACCG	1.726	2.389	1.818
CATCGG	1.166	1.505	1.366
AAGAGT	0.682	0.752	0.767
CTCCGG	1.021	1.405	0.875
GTCCTG	1.038	0.908	1.01
AGCATG	0.598	0.718	0.746
GACACC	0.883	0.788	0.811
CGATGG	2.441	2.54	2.257
AAGTGC	0.815	0.901	0.893
CAGAGC	1.138	0.86	0.854
GAACAC	0.926	0.838	0.817
CGCCGG	1.196	0.897	0.784
GTTCTG	0.803	0.896	0.97
CGGCTT	3.74	1.885	1.704
CGGGCC	1.907	1.453	1.228
GAATTC	0.791	0.827	0.891
GATCGG	1.268	1.324	0.977
ATTAAG	0.526	0.721	0.742
AAGTCA	0.797	0.83	0.862
TCAAAG	0.705	0.76	0.732
TCCCTG	1.138	1.002	1.0
TGGCGA	1.448	0.994	0.911
ACCAAC	0.686	0.752	0.779
GAGGCC	1.004	0.882	0.881
AAGATC	0.665	0.842	0.85
TCAACG	0.98	0.798	0.741
TGGCAA	1.329	1.003	0.831
CATCCC	1.163	0.928	0.954
AAGACG	0.914	0.75	0.772
TGTACA	1.046	0.778	0.862
CGTCAC	0.85	0.764	0.794
TCACAC	0.984	0.758	0.696
GCGATG	0.996	1.133	1.014
CAATGG	0.962	0.927	0.827
ACATTG	0.888	0.785	0.733
ACCCCG	1.339	1.478	1.353
TCATTG	0.807	0.822	0.783
ATTAGG	0.687	0.802	0.9
CGAGAT	2.018	2.3	2.25
ACGATC	1.046	0.889	0.832
GGATTT	0.98	0.911	0.904
GGCGAC	1.216	0.982	1.074
GGAATA	1.274	1.172	1.16
AGGGTA	0.7	0.778	0.731
ATAATG	0.611	0.76	0.738
GATGAT	0.815	0.782	0.837
ACCGAT	0.708	0.74	0.718
ATAAGT	0.66	0.772	0.728
TTAAGG	0.918	0.913	0.871
GGACAA	1.05	0.856	0.816
ACAGAC	0.962	0.808	0.836
GTCGTG	0.842	0.726	0.775
GCCGTG	1.034	0.888	0.927
TTACGT	0.776	0.914	0.938
AATGGC	0.95	0.935	0.931
TATCGT	0.904	1.079	1.037
CAAGAA	0.79	0.76	0.742
TGCCAA	1.064	0.855	0.91
TTTCGT	1.06	1.201	1.192
TTAAGA	0.73	0.844	0.777
CTTCAA	0.886	0.783	0.802
CTCTGT	1.151	1.081	1.072
TGGTGC	1.478	1.005	1.018
GCGGGG	1.006	0.937	0.832
TGCGGG	0.93	1.096	1.111
CCGCCC	1.963	1.986	1.77
ATGCGC	1.076	0.941	1.232
GACCGT	0.956	0.854	0.948
TTTGTT	0.62	0.729	0.77
TGGCGG	0.933	1.739	1.298
AGGCTC	1.081	1.089	0.907
GACGCA	0.878	0.733	0.803
ACGGCG	1.365	1.102	1.126
GGGTCT	1.096	0.989	0.998
AGTTGG	0.821	0.938	0.953
CCCCCG	3.772	2.998	2.409
CACTGC	0.995	0.911	0.921
ACTAAG	0.682	0.794	0.776
CGCTTT	1.481	1.127	1.064
GACACT	0.909	0.822	0.902
GTGATA	1.022	1.016	1.063
GGGACG	1.519	1.128	0.958
GTGTCA	1.025	0.814	0.861
TCTTCG	1.119	0.915	0.821
GCCGCT	0.896	0.803	0.841
AATAGT	0.63	0.744	0.704
GGCTAC	1.305	1.153	1.166
TGTCGT	1.006	0.993	1.048
GACGCG	0.96	0.909	0.846
GAGGGA	0.9	0.74	0.71
CAACAT	0.833	0.708	0.641
GAGAGT	0.856	0.752	0.736
GAAGAC	0.744	0.741	0.788
GGGGTT	0.952	0.867	0.936
ACAGCT	0.967	0.839	0.808
ATCGTG	0.742	0.804	0.78
CAACTC	0.908	0.872	0.845
AATGAC	0.818	0.838	0.857
CTCCAT	0.754	0.732	0.777
CCAGTA	1.045	0.985	0.975
AAAGCA	0.886	0.905	0.848
GTAGCA	0.882	0.768	0.701
AGTCTC	0.911	0.966	0.822
AACGTT	0.703	0.828	0.832
CATTCG	1.156	0.88	0.9
GAGCAT	0.913	0.813	0.786
CATAGC	0.783	0.692	0.746
TCTGAG	0.966	0.88	0.943
GGGGGA	1.065	0.674	0.714
CAGGGC	1.25	0.939	0.83
ACTATA	0.822	0.804	0.75
CGAACT	1.66	1.737	1.724
ATTGTA	0.57	0.669	0.676
ACGCGA	2.052	1.63	1.559
GCAGAA	0.985	0.77	0.782
CTAGAT	0.792	0.838	0.808
GAATCT	0.846	0.876	0.895
CATCAT	0.694	0.694	0.667
ATAAGG	0.753	0.896	0.831
GTGGCA	1.15	0.868	0.843
AGAGAT	0.807	0.812	0.834
GAAAGC	0.856	0.823	0.846
ATCTCA	0.696	0.728	0.721
AACCTG	1.106	0.986	0.884
TGGGAC	0.894	0.922	0.907
CATAAG	0.862	0.879	0.834
GCTAAA	0.815	0.886	0.866
TCGCAT	1.021	0.816	0.791
GTCTTT	0.68	0.797	0.847
AACGAA	0.782	0.861	0.909
TCAATC	0.705	0.708	0.698
ATAGTC	0.704	0.904	0.908
AAGCGG	0.808	0.894	0.943
CTCGAC	0.895	0.828	0.897
CTCAGG	1.132	1.132	1.195
CGAGCG	4.784	4.512	3.595
AGTACG	0.952	0.71	0.797
TGCGCA	1.001	0.785	0.83
GGTAGT	0.752	0.731	0.794
TTCGTC	0.67	0.733	0.811
TTTCGA	1.779	1.845	1.456
CCTACG	2.261	1.746	1.722
TGGGAT	0.801	0.874	0.867
GGCTGT	0.998	0.927	0.879
ATGTCG	0.678	0.766	0.753
TCTATA	0.838	0.899	0.842
TTAGCT	0.774	0.798	0.791
CATACT	0.715	0.714	0.701
GTTGCT	0.703	0.76	0.811
GGAACA	1.272	1.037	0.996
TCGTCA	0.922	0.788	0.752
GAAAGA	0.848	0.876	0.84
TCTAAA	0.794	0.916	0.904
CAACCA	0.957	0.842	0.84
TATTCC	0.786	0.834	0.88
AATTGG	0.976	0.977	0.932
TCATCA	0.803	0.699	0.672
ACTTCG	1.063	0.89	0.855
CTTTCC	0.864	0.848	0.854
AGAAGT	0.747	0.776	0.799
CTAGTC	0.734	0.772	0.824
CCTACA	1.757	1.449	1.5
CGGGTG	1.223	1.165	1.253
TGCACG	1.158	1.001	0.943
TTCCTC	1.025	0.916	0.92
AATGTC	0.785	0.868	0.902
AACCTT	0.964	0.829	0.825
TCAGCT	0.795	0.805	0.717
AAGTGG	0.859	0.976	1.018
CTCCAG	0.924	0.915	0.765
ACGTGC	1.54	1.122	1.192
GATAGC	0.808	0.786	0.829
CCATCA	1.066	0.935	0.958
ACGGTT	1.065	0.894	0.976
GCGAGT	1.066	1.065	0.933
TGGACG	0.907	0.889	0.9
GTGCGT	1.069	0.938	1.09
GGGCAT	1.259	0.98	0.822
GCGGTG	1.128	1.046	0.994
CTGATG	1.072	1.155	1.062
TACTTC	0.886	0.923	1.022
CGTAGT	0.805	0.844	0.836
CTATTT	0.704	0.735	0.74
TTGTTC	0.72	0.788	0.906
GTAAGA	0.824	0.812	0.797
GCACCG	1.509	1.66	1.392
AACTCA	0.825	0.843	0.846
AATAGA	0.874	1.06	1.04
ATCAAT	0.514	0.682	0.685
ACTCCT	0.896	0.984	1.045
AAATAC	0.891	0.922	0.909
CCCGAG	1.556	1.205	1.13
GGCGCG	1.229	1.428	1.254
GGCCGC	1.402	0.92	1.026
AGACAC	0.815	0.935	0.926
CCCGTC	1.039	0.89	0.882
TCTAGA	0.84	0.831	0.855
ACCGGG	0.847	0.805	0.917
GTAAGT	0.802	0.787	0.791
AGAAAT	0.762	0.872	0.847
TGGGGT	0.769	0.808	0.78
TTCTCC	0.742	0.811	0.829
AATCGG	1.763	1.239	1.003
TGTAGG	0.876	1.118	1.046
TCATTC	0.724	0.757	0.678
CGGTGC	1.59	1.496	1.413
TACCTT	1.104	0.935	0.916
CAACAA	0.761	0.66	0.614
GCCTCA	1.032	0.831	0.832
GAGCCT	1.211	1.082	1.108
TGTCAC	1.011	0.822	0.81
CATGGT	0.842	0.749	0.817
GTCGAC	0.734	0.713	0.794
ATGAAT	0.609	0.79	0.863
AATAAG	0.654	0.795	0.788
TCCGTC	0.752	0.737	0.796
CATGTT	0.734	0.737	0.79
ATCCAG	0.607	0.678	0.621
GTCAGA	0.682	0.722	0.688
ATCTTA	0.594	0.746	0.765
TCTCAA	0.71	0.742	0.688
CCGGTT	1.299	1.252	1.27
CGACAA	2.41	1.621	1.441
ATGATT	0.618	0.803	0.852
CCCGCA	1.584	1.136	1.12
AGGGTG	0.852	0.792	0.844
TCAAAC	0.746	0.761	0.768
GGGACA	1.292	1.083	0.996
TGGGTT	0.794	0.934	0.916
CCTCGT	1.385	1.377	1.491
CTTACC	0.77	0.792	0.854
GAGACG	1.176	0.855	0.885
CACCAC	0.847	0.633	0.679
CCGATG	1.781	1.958	1.674
ACGGCA	1.434	0.97	1.007
CACGTA	0.782	0.668	0.714
TGGTTT	0.939	0.914	0.84
ATGAGG	0.732	0.853	0.936
GCTAGA	0.861	0.821	0.842
CCGAGA	2.189	2.787	2.263
CTCAAG	0.942	0.89	0.887
GTCAAG	0.604	0.651	0.732
AGCTCG	0.966	0.84	1.049
CTTGAA	0.906	0.913	0.967
AGATCG	1.145	0.976	0.901
ACAAAT	0.837	0.776	0.74
CACCAG	0.935	0.699	0.786
CCACGC	1.536	1.064	1.236
CTTCCT	1.11	1.148	1.145
GTCCAC	0.697	0.807	0.924
ATATCG	0.976	1.063	0.946
CCCTCT	1.505	1.204	1.236
AAATAT	0.731	0.838	0.88
TTTGGT	0.782	0.834	0.845
GTGTCT	1.014	0.884	0.864
TCCTAT	0.926	0.918	0.902
TCCTTA	0.872	0.911	0.898
CGGGGT	0.98	0.822	0.897
AACAGA	0.886	0.988	1.066
CTCATT	0.864	0.866	0.82
CCAATT	0.933	0.97	0.999
ACCACT	0.667	0.708	0.718
CATCAG	0.926	0.776	0.741
CGGCGA	3.498	3.825	2.127
CATAAT	0.782	0.778	0.734
TGCCCA	1.012	0.944	1.071
CAGTGC	1.084	0.862	0.752
CCCAAG	1.527	1.06	1.106
GCTTGC	1.037	0.763	0.838
GGAATC	1.039	0.956	0.986
AGGACC	0.917	0.908	1.121
CACCGA	1.325	1.015	1.114
GGTTCT	0.879	0.888	0.88
CCAGTC	0.897	0.897	1.008
TACCTG	1.206	1.0	1.008
GTTCGT	0.758	0.891	0.998
TGCAAT	0.959	0.92	1.081
TGCGTA	0.997	0.795	0.951
AAGGGC	0.93	1.013	0.965
TGCTTA	1.317	1.089	1.04
CTCATG	0.889	0.951	1.078
GATATT	0.8	0.831	0.845
AGGGGT	0.661	0.909	0.832
CCCAAC	1.625	1.346	1.38
TGTTCA	0.839	0.858	0.874
TCCTTG	0.939	0.959	1.005
TCAGAA	0.9	0.792	0.746
GCAAGG	0.945	0.872	0.86
GAGACA	0.998	0.805	0.77
GGCTTG	1.16	0.959	1.01
AGACGG	0.899	1.095	1.092
GACGAC	0.885	0.71	0.791
AAAAGA	0.902	1.07	0.997
CCCAGC	1.595	1.042	1.292
CAAAAA	0.741	0.84	0.763
AGGATA	0.844	1.018	1.074
ATTCAT	0.538	0.706	0.755
ATACGC	0.779	0.994	1.062
ATTGAC	0.67	0.719	0.79
AGTTAT	0.821	0.927	0.897
TCCCTT	0.885	0.88	0.885
CCCCGT	1.382	1.115	0.996
AACTTA	0.721	0.874	0.824
CCAGCG	1.402	1.298	1.257
TGGAAT	0.937	0.99	0.972
CCCTGC	1.727	1.288	1.338
CATGCT	0.778	0.708	0.774
TACGTG	0.983	0.895	0.88
CAGCGT	1.179	0.952	0.942
CCGACT	2.059	2.307	1.917
ATGGAG	0.818	0.817	0.875
CTGGTG	1.192	0.986	1.106
TGGTCC	1.175	1.029	1.008
GAAATA	0.786	0.874	0.849
GCCGGC	0.905	0.922	0.907
GTTCCT	0.894	0.941	1.054
GCCGGG	1.005	0.835	0.918
CAAATA	0.805	0.85	0.788
GCGGCA	1.113	0.961	0.825
CTCCAA	0.936	0.826	0.736
GCGCGC	1.158	1.019	1.011
GAACTT	0.928	0.896	0.876
CATCTG	0.994	0.918	0.9
TTACCT	0.873	0.928	0.988
TGCTAT	1.328	1.207	1.317
GGAAAA	1.071	1.038	1.062
TCTGTA	0.871	0.8	0.848
CTAGGC	0.946	0.83	0.89
GGCTTT	1.007	1.028	1.032
AGCGGG	0.745	0.889	0.838
GCCATC	0.773	0.694	0.708
GAGAAA	0.911	0.886	0.883
TTCCCC	1.11	0.864	0.98
GTCCAT	0.608	0.686	0.749
CGCCCT	1.077	0.864	1.264
GTTGGG	0.805	0.824	0.881
TCCCTC	0.892	0.704	0.814
CTCGGC	1.189	1.006	0.988
GCGACG	1.791	1.478	1.31
GTGGAG	0.917	0.732	0.654
AGACCT	0.968	1.052	1.158
TTTGGA	0.854	0.9	0.891
AGTCCG	0.891	1.491	1.519
GCCTCC	1.054	0.881	0.933
TTATCA	0.748	0.788	0.738
CTGTAT	0.988	0.975	1.032
CCAGCC	1.0	0.92	0.964
CAGTTC	0.922	0.84	0.885
CGGCTG	3.057	2.17	2.016
TCGTCC	1.091	0.84	0.739
CAACAC	0.938	0.704	0.742
GGGTTC	0.976	0.873	0.899
GGTTCG	1.166	0.998	0.933
GATGGT	1.054	0.972	0.985
TTCGGA	0.945	0.84	0.941
CGAGGT	1.508	1.505	1.195
ACAAAA	0.856	0.844	0.786
TCGCGG	1.307	1.163	0.953
GATTAC	1.026	0.952	1.059
AAGGCA	0.821	0.776	0.744
ATGCCC	1.06	0.94	1.044
GACTGG	1.105	0.935	0.928
ATATTC	0.77	0.839	0.83
AACCAC	0.803	0.853	0.854
CATCTT	0.957	0.77	0.735
TTGATA	0.83	0.894	0.94
CAGACG	1.412	0.976	0.863
GCACCC	1.085	0.935	0.87
TCGCGA	1.516	1.524	1.185
AGCAGG	0.867	0.88	0.912
CGCCCG	1.249	1.098	1.563
AGTAAT	0.587	0.73	0.718
CCTAAT	1.302	1.257	1.346
TCCGCT	0.709	0.752	0.699
AGTAGG	0.861	0.875	0.833
TCCGCC	0.771	0.74	0.799
TGGTTC	1.019	0.95	0.94
ACGACA	1.251	0.895	0.836
TCCCAC	0.683	0.674	0.651
CAACCC	1.212	0.916	0.919
GCGGGA	1.077	0.929	0.85
TACTGG	1.072	1.034	0.994
GAGATG	0.872	0.839	0.9
TCGCCG	1.655	2.026	1.766
TATCCG	1.204	1.38	1.08
CAAGAC	0.855	0.714	0.718
GTTGAG	0.804	0.764	0.788
CCTGTT	1.153	1.095	1.199
CGTGGC	1.082	1.002	1.012
GGTGAC	1.079	0.974	1.094
ATGGCA	0.819	0.863	0.895
AGAAGC	0.811	0.764	0.843
AAGGAA	0.803	0.972	1.001
ATTTCC	0.588	0.73	0.756
AACATA	0.826	0.824	0.818
GAGCAA	0.852	0.715	0.719
TCGGCT	1.136	0.88	0.774
GATCAT	0.86	0.82	0.842
CTATGC	0.996	1.036	0.862
GTGAAG	0.908	0.822	0.857
GTTTTC	0.634	0.706	0.733
GAGCCC	1.42	0.992	1.077
AACGAC	0.864	0.758	0.802
AGGATT	0.87	0.986	1.036
GGACCA	1.207	1.099	1.097
TGTTCG	1.144	1.121	1.039
GTCAAA	0.697	0.867	0.818
TTAGGC	0.965	0.908	0.878
ATGGAA	0.699	0.844	0.859
TCAGTT	0.696	0.752	0.757
ATCGCT	0.62	0.722	0.768
GCGTTT	0.9	0.996	0.893
ACCTTT	0.701	0.806	0.786
CTCGCT	0.992	0.921	0.859
TTAACC	0.596	0.742	0.737
CACTCT	0.883	0.766	0.798
AAACAG	0.93	0.944	0.882
GAATGC	1.01	0.967	0.912
GTGCAG	1.134	0.721	0.712
GACGAT	0.829	0.724	0.773
TCGCAA	0.948	0.728	0.692
ATGAGA	0.668	0.804	0.845
GTTTGC	0.812	0.944	0.95
AGATCA	0.873	0.828	0.812
AATGAG	0.891	0.992	1.006
AGACAA	0.743	0.806	0.772
AAGTTC	0.778	0.833	0.81
CCTCTT	1.284	1.124	1.234
CTTTAT	0.873	0.896	0.889
TTTAGT	0.635	0.804	0.823
TGCCAG	1.266	0.953	0.918
GCTCCC	0.983	0.944	0.927
TTCGAT	0.756	0.806	0.868
GAGAGG	0.914	0.752	0.803
GCGCAA	0.776	0.814	0.753
GAACTC	1.007	0.887	0.88
TTGATC	0.698	0.859	0.855
CTTATT	0.744	0.823	0.819
GTAACT	0.862	0.828	0.74
TTGCCT	1.073	1.066	1.231
TGCAGA	1.118	1.11	1.162
CTATTC	0.777	0.684	0.707
AAGCCC	0.968	1.003	1.006
CCGTTA	1.387	1.732	1.562
GAGTCC	0.966	0.866	0.899
AAACGC	1.057	1.031	1.012
CCCATA	1.598	1.253	1.24
TCTCGC	1.138	1.024	1.039
GGCCTC	1.38	1.006	1.013
GCTCCG	1.19	1.383	1.272
CGACTT	2.113	1.497	1.459
GTGTCC	1.097	0.861	0.937
CAATTT	0.673	0.716	0.692
CCGCAG	2.248	2.354	1.858
CCAGGA	1.705	1.448	1.515
CGACTG	3.25	3.317	3.936
CGATTT	1.637	1.741	1.65
TGTATC	0.758	0.846	0.932
CCATTA	0.973	0.947	0.954
TACGTT	0.746	0.802	0.892
TTTTCC	0.687	0.771	0.769
ACTGTT	0.695	0.794	0.797
CACAAC	0.82	0.802	0.781
GTGCCA	1.277	1.0	1.05
TCCGAC	0.848	0.786	0.792
TGGGGA	0.842	0.754	0.784
CTTTTT	0.75	0.879	0.786
GCGGCC	0.919	0.879	0.819
AATGCT	0.784	0.853	0.836
TTTAAT	0.632	0.775	0.732
GGTGAA	0.948	0.946	0.998
GAATTA	0.729	0.812	0.819
ATGCAT	0.585	0.732	0.724
TTTACA	0.786	0.785	0.774
CAAATC	0.665	0.774	0.748
GACACG	1.081	0.852	0.886
TTGCGT	0.846	1.03	1.148
GTTCTC	0.929	0.863	0.842
GTCACG	0.99	0.801	0.803
TGGGTC	0.904	1.117	0.998
TGCGCC	0.867	0.896	0.911
CATCCT	1.01	0.914	0.919
CACATG	0.75	0.819	0.811
TTCTTA	0.74	0.774	0.786
AGCTCA	0.897	0.836	0.752
CACTAC	1.046	0.926	0.958
CTAGCG	0.937	1.22	1.025
GAATAC	0.96	0.931	0.961
ACAAGG	0.981	0.829	0.798
AATAAA	0.751	0.897	0.817
TTCATA	0.858	0.88	0.833
AGTACC	0.675	0.711	0.717
CCAACA	1.247	1.019	1.016
CAGCCA	1.211	0.925	1.014
GAACTG	0.953	0.926	0.945
GCACGC	0.998	0.794	0.834
AGTTTC	0.733	0.746	0.769
GTGGGT	0.907	0.821	0.796
GGTTCA	0.884	0.88	0.798
ATTCGG	0.806	1.104	1.22
CGCGCT	1.016	0.807	0.853
AGTGAC	0.795	0.799	0.872
CATCAA	0.683	0.669	0.617
TACACT	0.874	0.866	0.894
TGCATT	1.02	0.819	0.857
ACTGTC	0.689	0.74	0.808
TGCGCG	1.056	1.093	1.169
CTGATC	0.97	0.913	0.876
CTTGCT	0.882	0.818	0.832
CAAGGG	0.924	0.885	0.782
GTGACC	1.203	0.884	0.835
CGAGCT	1.744	1.512	1.682
GGAATT	0.978	0.911	0.955
TCTGGG	0.896	0.914	0.823
ACGGGC	1.266	0.992	0.962
CTCTGG	1.094	1.369	1.392
AAAGTC	0.778	0.862	0.869
CAGGAT	0.96	0.802	0.815
GGCTCA	1.086	0.904	0.92
GCCAAT	0.892	0.858	0.855
CCCGTT	1.151	0.976	0.997
GCCTGC	1.195	0.752	0.915
TCTAAT	0.7	0.764	0.758
AAAATA	0.73	0.894	0.848
CTAACC	0.762	0.771	0.814
GATATA	0.876	0.916	0.811
GTGTTT	0.829	0.8	0.849
TTAAGT	0.656	0.781	0.798
TGGATA	0.971	1.006	0.892
CCCGGA	1.938	1.533	1.594
TCTCAC	0.74	0.781	0.816
TGCTCC	1.101	1.068	1.047
CGCTAT	1.646	1.118	1.116
GGGGTC	1.173	1.056	1.08
CACGGG	0.931	0.856	0.947
GTCCGT	0.677	0.754	0.81
TTACCA	0.866	0.876	0.892
ACCTCT	0.757	0.77	0.814
CCTCCT	1.502	1.528	1.553
CAAGAG	0.897	0.785	0.74
TATAAA	0.75	0.925	0.878
ATCAGC	0.68	0.777	0.864
ACCCCC	0.976	0.923	0.925
AACTTC	0.772	0.895	0.923
AACGCC	0.839	0.853	0.806
GCGAAC	0.964	1.132	0.955
TCTGCC	0.804	0.783	0.789
GAGCAG	0.892	0.705	0.684
ACACCT	1.098	0.931	0.876
CTGCTA	1.046	0.895	0.864
CGTGTA	0.734	0.802	0.847
GAAGTG	1.017	0.888	0.88
CCTGCG	1.788	1.616	1.69
TCGAAC	0.989	0.872	0.814
CAGTGG	1.036	0.806	0.763
TATTCA	0.818	0.842	0.85
CGCCGT	1.086	0.83	0.998
CGACTC	1.53	1.073	1.175
CCCCCT	1.566	1.457	1.314
TATCAA	0.751	0.786	0.805
TGGCCG	2.057	1.692	1.365
GGCGTA	1.06	0.853	0.841
GCTACT	0.867	0.833	0.865
GTTGTT	0.595	0.683	0.731
ACTTCC	0.857	0.792	0.823
GTCGGG	1.039	0.916	0.967
ACCGCT	0.694	0.688	0.742
AGTTTT	0.767	0.739	0.84
TTTCTG	1.07	1.16	1.001
GTTACA	0.721	0.764	0.786
TACATT	0.797	0.844	0.877
CTCGTC	0.729	0.879	0.814
CCAACC	0.944	0.964	0.966
TTCAAC	0.661	0.795	0.819
CTCTTT	0.87	0.951	0.879
ATCTGG	0.797	0.916	0.962
TGCACC	0.972	0.872	0.82
AGAGTG	0.87	0.844	0.852
ACTTTG	0.812	0.849	0.858
GGGTTT	0.872	0.906	0.84
TCATGT	0.794	0.76	0.722
CAGCTC	1.159	0.809	0.69
CACATT	0.782	0.764	0.81
ACAATA	1.012	0.834	0.751
TTGGCA	0.918	0.808	0.843
CAGCTT	1.191	0.925	0.872
TCTAGC	0.821	0.76	0.774
GTTAAT	0.591	0.723	0.766
ACCTTG	0.814	0.842	0.868
AAGTTG	0.764	0.859	0.871
GCCACA	1.06	0.788	0.86
TGCGCT	0.925	0.872	0.774
AAAAGG	0.934	1.041	0.975
GGTCTA	1.018	0.912	0.99
ATTGTT	0.528	0.692	0.728
TTCTTC	0.754	0.801	0.793
CAGAAG	0.93	0.878	0.811
ATAGTA	0.674	0.873	0.8
GCCTGG	1.171	1.082	0.906
TTTTAC	0.828	0.879	0.894
TGTAAA	0.818	1.084	1.069
CACGGT	0.876	0.812	0.845
ACAGTA	0.886	0.764	0.782
CGTAGA	0.736	0.861	0.906
CTCAAA	0.96	1.208	1.106
GGATGC	1.705	1.077	1.111
CATTTT	0.748	0.684	0.675
TTGGCC	0.81	0.803	0.816
GGAAAT	0.976	0.943	0.973
AGACTC	1.048	1.046	0.99
GTGAGC	0.932	0.813	0.973
CAATTC	0.72	0.716	0.72
CGGGAA	1.513	1.592	1.442
ACACGG	1.001	0.598	0.964
ATGGGC	0.84	0.861	0.955
TATCGC	1.196	1.156	1.081
GTTAGG	0.775	0.802	0.827
GGGGTG	1.025	1.038	0.824
GCCATT	0.76	0.724	0.764
CCCGCT	1.408	1.021	1.133
CGTTTG	0.783	0.852	0.954
ATGAGT	0.583	0.773	0.814
ACAGTT	0.865	0.818	0.833
ATGGTG	0.748	0.754	0.875
GGAAAG	1.015	0.859	0.962
CATGAT	0.859	0.811	0.826
TCAGGG	0.955	0.818	0.855
CGAGCC	1.737	1.943	1.798
ATATGG	0.855	1.303	1.155
CTCTTA	0.816	0.859	0.8
AACAGT	0.779	0.762	0.766
AGTAGA	0.624	0.732	0.688
GTGCAA	0.986	0.812	0.785
ACTGGG	0.892	0.955	0.844
GAGGAG	0.787	0.653	0.618
GTAAGC	0.784	0.782	0.828
AACTCT	0.791	0.865	0.901
GACTAT	0.942	0.912	0.985
TGCTGG	1.41	1.11	0.884
CACCCT	1.076	0.906	0.894
GAAGAG	0.75	0.681	0.698
TCATTA	0.739	0.736	0.679
TACTTG	0.986	0.998	0.999
ACCCCT	0.964	0.865	0.872
GCAGAT	1.01	0.813	0.769
CGTGCC	0.875	0.93	1.046
TGTGAA	0.895	0.976	1.122
TCTTCC	0.851	0.801	0.809
CGGGAT	1.712	1.456	1.49
AGCTTT	0.841	0.824	0.874
GCAGCA	0.99	0.829	0.821
ACGTGG	1.34	1.0	1.198
ATAGAC	0.908	0.954	0.901
AAGGGA	0.934	0.966	0.924
GGGCGA	1.536	1.376	1.414
AAAAAA	0.823	1.024	0.927
CAAAGA	0.817	0.879	0.802
CCTCAA	1.131	1.043	1.073
CCTCGA	2.322	1.846	1.846
ACCTGT	0.877	0.862	0.872
GGCCAT	0.989	0.859	0.932
CAGAGT	1.023	0.834	0.89
CGAAGT	1.953	1.898	1.791
CACAGG	1.004	0.956	0.912
GGAGAG	1.032	0.874	0.868
TTCTCG	0.925	0.928	0.824
ATTGGG	0.83	0.963	1.034
AGGTGT	0.814	1.183	1.244
TCCAAC	0.724	0.682	0.763
CGGGCA	1.864	1.523	1.254
CCACTT	1.247	1.015	1.154
CGACCT	2.714	1.841	1.996
ACGCAC	1.248	0.769	0.87
CATGTC	0.768	0.794	0.831
CAACCT	0.932	0.928	0.904
GGTAAT	0.777	0.848	0.802
GCCTTA	0.885	0.787	0.816
CTGGCG	1.327	1.576	1.308
GATACG	1.136	0.963	1.001
GGCGGC	1.26	1.122	1.066
CTAGTG	0.806	0.788	0.788
TTATAT	0.707	0.87	0.869
ACATGT	0.862	0.829	0.728
CCCCCC	1.93	1.537	1.326
TCTATT	0.622	0.752	0.728
CTACGC	1.114	1.07	1.105
AGAAAA	0.772	0.978	0.958
AAATTG	0.792	0.914	0.862
CAGAGG	1.245	1.07	0.952
ACGGCT	1.242	1.006	0.991
CCGAGT	2.001	2.694	2.147
AACAGC	0.864	0.759	0.893
AAGATG	0.722	0.846	0.897
AGGACA	0.99	0.955	1.039
TTGTTT	0.653	0.797	0.842
TCCCAG	0.904	0.747	0.765
ACCTCA	0.831	0.789	0.794
GATGAA	0.881	0.858	0.883
CAAGCT	0.782	0.74	0.715
AAGAAG	0.68	0.85	0.861
GGCGTC	1.023	0.898	1.012
GTTGCC	0.751	0.781	0.86
CTACAA	0.837	0.769	0.817
CCCCAG	1.449	1.126	1.111
GAATGG	1.003	0.974	0.996
ATCGGC	0.819	0.903	0.915
TATCAT	0.787	0.794	0.878
CCTCTG	1.461	1.313	1.42
CCGGGG	1.294	1.645	1.501
TACCAC	0.937	0.903	0.854
GTCTCA	0.744	0.732	0.665
TACTCC	0.926	0.926	0.932
ACAGCC	0.99	0.805	0.717
GTGGGA	1.069	0.848	0.877
CACTGG	0.959	0.949	0.758
AGGCGC	1.366	1.323	1.291
CATGAC	0.907	0.84	0.846
GGTGGA	1.131	1.03	1.008
CGTATT	0.776	0.915	0.952
GGAGCC	1.228	1.025	1.056
AGTACA	0.766	0.703	0.748
AACATC	0.758	0.845	0.899
TGTTAT	0.897	1.092	1.185
GACCAA	0.848	0.767	0.792
GCCACT	0.876	0.797	0.831
TCGGCA	1.223	0.91	0.866
GGCGGT	1.192	1.042	1.036
CTAGCT	0.82	0.782	0.841
TATTCG	1.046	1.09	1.072
ACGCTT	1.322	0.899	0.962
TGCGGT	0.92	0.874	0.883
CGGTGG	2.288	2.038	1.503
CGTTTT	0.791	0.948	0.932
GTGTTG	0.925	0.844	0.883
TCTATC	0.675	0.752	0.75
CAGGTC	0.962	0.811	0.728
AGCCTC	0.853	1.05	1.048
CAAGGT	0.822	0.773	0.758
CCGGCA	1.577	1.55	1.219
GGATAT	1.172	1.023	1.096
TTTTCG	0.988	0.929	0.975
CTGCAC	0.994	1.051	1.024
TCTCCC	1.056	1.0	0.997
CGAGTT	1.172	0.971	1.035
TGGTCA	1.049	0.964	0.861
ATCTGC	0.809	0.789	0.864
GCACAG	0.974	0.722	0.724
CTCACC	1.02	0.888	0.84
AGTATA	0.766	0.876	0.819
CCCTTC	1.299	1.049	0.988
ACGATT	1.012	0.934	0.919
CTCAGT	0.9	0.841	0.887
TATTCT	0.794	0.921	0.876
AGCGTA	0.722	0.764	0.811
GGGAGA	0.971	0.812	0.808
ACTGGA	0.877	0.871	0.814
GGATTG	1.196	1.048	1.087
GTTTGG	0.86	1.019	1.018
ATGGGG	0.842	0.93	0.922
TGTGGA	0.965	0.942	0.949
GCTAAC	0.791	0.793	0.832
GTAGTG	0.818	0.677	0.662
CAGACC	0.938	0.789	0.76
AGACCG	1.22	1.769	1.819
AGCGGT	0.729	0.74	0.789
CCAACT	1.054	1.068	1.078
CATTTA	0.714	0.679	0.711
AGAGAG	0.865	0.796	0.801
TGTGTG	1.138	0.882	0.926
GCAGGC	0.945	0.739	0.73
TTTACG	0.911	0.852	0.864
CTTGTA	0.716	0.843	0.809
TCTCTT	0.808	0.862	0.869
GGCTTA	1.01	1.018	0.96
CGGCGG	2.595	1.772	1.618
ACGCTC	1.383	0.873	0.872
GGGGCC	0.916	0.806	0.892
GCTCAC	0.827	0.732	0.792
TCACCG	1.632	1.944	1.602
AACCGC	1.071	0.949	0.857
CTGTGG	1.11	1.258	1.135
GAGCCG	1.808	2.152	2.258
AAGTAC	0.787	0.834	0.823
TTACGC	0.95	0.981	0.866
CATTTG	0.828	0.771	0.814
GATATC	0.821	0.84	0.861
CAGAAA	1.007	0.979	0.933
TGTGTC	0.866	0.932	0.885
TCGTTG	1.045	0.965	0.936
ACAATC	0.791	0.711	0.644
GTACCA	0.935	0.831	0.884
GCCTTG	0.894	0.844	0.874
CAATTA	0.656	0.704	0.67
GAACCT	0.999	0.983	1.036
GTGCTA	1.257	0.905	0.941
CTGATT	0.938	0.967	0.925
AGTATC	0.671	0.736	0.708
CAGGTG	1.219	0.861	0.758
AGTCCC	0.956	0.966	1.043
TGGTCT	1.018	0.939	0.897
CAAGTG	0.992	0.822	0.789
TTAACT	0.668	0.773	0.754
GTAGTC	0.691	0.668	0.74
CCTACT	1.618	1.43	1.515
GAGGGG	0.776	0.637	0.594
TCAGCG	1.024	1.11	1.02
TGCATA	1.209	1.138	0.97
TATCTA	0.826	0.895	0.879
GAAATG	0.78	0.885	0.884
CACATC	0.78	0.748	0.751
GTTTAT	0.653	0.751	0.832
CTACAC	0.898	0.863	0.895
ACTCGT	0.845	0.992	1.124
TCGCAG	1.188	0.886	0.704
TTAGGT	0.794	0.865	0.82
CCCCCA	1.292	1.192	1.151
ACACCC	1.2	0.936	0.808
GCAGCG	1.343	1.103	0.905
CGCAAC	1.052	0.941	0.912
GCCACC	0.826	0.694	0.722
GCAGGG	1.11	0.847	0.894
ATACCC	0.951	1.263	0.99
CGGGAC	2.029	1.314	1.121
TATAGG	0.946	0.913	1.007
CTGGGG	1.087	0.973	0.839
CCCGTA	1.153	0.909	0.885
CGCTTC	1.275	0.944	0.874
GGGCGC	1.574	0.93	0.902
AACCGT	1.023	0.94	1.04
AACTAT	0.841	0.98	1.068
CATCCA	0.991	0.905	0.905
TTCCAG	0.826	0.712	0.667
AGGAAC	1.087	0.926	1.069
TCTAAC	0.715	0.793	0.788
CGTCTG	0.914	1.048	1.154
TGGCCA	1.629	1.185	1.158
AGTTGT	0.689	0.724	0.942
CCTTGC	1.306	1.144	0.965
ATATTT	0.681	0.837	0.765
ATTAAA	0.621	0.812	0.781
ATGCCT	0.975	1.026	1.254
CCGCGG	4.05	3.2	2.522
ATTCCA	0.694	0.801	0.869
CCTAGT	1.29	1.374	1.392
TTTTTG	0.705	0.773	0.797
GTACCG	1.956	2.812	2.23
GTGGGC	1.062	0.971	0.854
TACGGG	0.849	0.906	0.901
TGCCTT	1.252	1.007	1.038
TGGCTG	1.556	1.038	0.911
TATAGA	0.81	0.923	0.903
TCGCTA	1.12	1.001	0.893
GATCAC	0.862	0.734	0.855
TTAAAA	0.69	0.871	0.841
TCTCAT	0.694	0.681	0.705
CCATCT	1.034	0.99	1.054
TGGGCA	0.986	0.994	0.929
GGACCC	1.4	1.114	1.247
CGTTAC	1.096	1.011	0.99
CCGCAA	1.637	2.034	1.708
GTAGGC	0.988	0.812	0.842
CTATTA	0.727	0.764	0.72
GACTCC	0.967	0.839	0.91
TTTGTC	0.71	0.769	0.809
ACCACA	0.803	0.71	0.696
ATGATA	0.628	0.852	0.836
GATTTT	0.759	0.825	0.793
ATTAGA	0.596	0.69	0.749
CGCAGA	1.147	0.968	1.142
TCAACT	0.778	0.741	0.702
GTGTAT	0.978	0.816	0.996
CGAATG	1.407	1.459	1.957
GCATGT	0.802	0.798	0.776
CCCAGG	1.863	1.152	1.23
AGAGCC	0.787	0.784	0.873
GAAAAA	0.832	0.894	0.865
CCGGTC	1.315	1.2	1.24
GTGCTT	1.317	0.998	1.096
CAGGGT	0.944	0.853	0.82
TCAGGC	0.899	0.807	0.79
TTCCCG	1.378	1.793	1.513
CCTGAT	1.581	1.494	1.692
TTGACG	0.957	0.863	0.899
GACATC	0.794	0.79	0.845
TTGGGT	0.73	0.792	0.874
CATACA	0.919	0.797	0.787
CTGTCC	0.96	0.928	1.039
CCTCTC	1.358	1.331	1.264
TTCACC	0.708	0.714	0.763
CCGACG	2.998	2.637	2.188
ATGTGC	0.81	0.969	1.055
GCGACT	1.314	1.248	1.09
GAATCG	1.054	0.911	0.941
GGCGAT	0.95	0.819	0.84
CCCCTT	1.372	0.995	1.106
TATGGA	0.908	0.966	1.034
CGTCGT	0.962	0.906	1.036
AGTGGA	0.772	0.767	0.824
TTGAGG	1.002	0.941	1.038
CACTCC	0.796	0.714	0.808
ATGGTC	0.704	0.857	0.946
TCATGC	0.93	0.839	0.85
ATCTGT	0.563	0.767	0.806
TTTCAT	0.801	0.855	0.806
TTGCCA	0.987	0.966	1.033
CCGTGT	2.117	2.57	1.97
TATGAG	0.885	0.908	0.973
GGGTGG	1.043	0.916	0.959
GATACA	0.953	0.902	0.876
CCAAGA	1.158	1.106	1.149
AGACAT	0.804	0.846	0.802
GAGGTA	0.959	0.77	0.816
ATCCCA	0.666	0.766	0.834
TTAATG	0.61	0.757	0.785
CGGGTA	1.039	1.131	0.938
CGGCCA	3.623	2.129	2.006
CCGGAT	1.54	1.515	1.578
CTGGAC	0.906	0.826	0.87
ATCAGA	0.634	0.738	0.765
TCGAGC	1.022	0.931	0.907
TCGCGC	1.198	0.94	0.741
AGCCAC	0.693	0.666	0.932
GGCTGG	1.143	1.197	1.134
ATCGGG	0.755	0.88	0.887
TCGATG	1.029	0.964	0.998
CGGCAG	3.118	2.301	1.602
CTCAAT	0.895	0.948	0.915
CCCGAC	1.593	1.173	1.35
GCGTTC	0.971	0.904	0.887
ACAGTC	0.904	0.861	0.86
GTGACA	1.192	0.942	0.975
TACCGT	0.942	0.903	0.897
ACGGAA	1.156	0.968	0.96
GAACTA	0.898	0.832	0.879
GCTAGC	0.866	0.748	0.778
TATTTG	0.729	0.845	0.902
GATAGA	0.913	0.957	0.943
TTACTT	0.774	0.857	0.827
GACCAC	0.881	0.71	0.828
GGTAAA	0.9	0.946	0.9
AACCAT	0.762	0.7	0.755
CAATAT	0.743	0.844	0.815
CAACTT	0.921	0.83	0.699
GAGTTT	0.855	0.93	0.921
CACCTT	1.008	0.782	0.799
GAACGG	1.275	1.07	0.986
CGCGAC	0.938	0.73	0.858
CCTCAT	1.201	1.042	1.072
CGTGAA	0.985	0.939	1.025
TTGCTA	0.849	0.864	0.908
TGCTGT	1.362	1.056	1.217
GCATTC	0.912	0.772	0.771
CTACGA	1.417	1.82	1.647
ATGCAA	0.625	0.709	0.736
TGCAGC	1.418	1.089	1.244
GCCCGA	1.222	1.234	1.106
GTCGCC	0.762	0.759	0.742
GAAAAG	0.764	0.799	0.817
CAAGCC	0.793	0.751	0.703
ACGGGG	1.082	0.907	0.906
GCTACC	0.775	0.73	0.733
TGTACC	0.859	0.81	0.803
CCAAAT	1.096	1.142	1.146
GCCTTT	0.862	0.842	0.818
TTATGC	0.937	0.971	1.058
GCGTGT	0.877	1.12	0.883
TTTCAG	0.9	0.82	0.704
GAACCG	1.386	1.558	1.498
AGGCGG	1.078	1.408	1.11
CGGGCT	1.479	1.12	1.056
TATTGT	0.786	0.921	0.906
CTCTCT	0.893	0.869	0.922
AAGAGG	0.809	0.914	0.874
GCCCAT	0.762	0.689	0.707
TCCATT	0.711	0.74	0.757
AGACTA	0.872	0.874	0.88
CACGAG	1.081	0.823	0.821
CGCAAA	0.948	0.908	0.881
CTGAGA	1.267	1.439	1.261
AGTTTA	0.724	0.752	0.717
AAAAAT	0.758	0.925	0.848
GGTCCT	1.279	1.227	1.309
ATGAAA	0.665	0.898	0.91
ACGCCA	1.402	0.976	1.082
ACTTGG	0.962	1.094	1.02
TCTGGA	1.059	0.964	0.879
ACCCTA	0.804	0.751	0.772
CCGCTA	1.452	1.208	1.261
CACTTC	0.931	0.752	0.781
TTATTT	0.599	0.725	0.714
TCCAGG	1.026	0.914	0.899
TTTTCT	0.662	0.746	0.773
TTCCAC	0.733	0.747	0.85
CCAGAA	1.124	1.012	1.082
GGAGGG	1.314	1.074	1.06
AACAAG	0.654	0.771	0.787
CAAGCA	0.93	0.747	0.731
ACGTTC	1.132	0.865	0.937
CCGACA	2.378	2.476	2.083
GAAGGG	0.897	0.85	0.819
GTATAT	0.93	0.774	0.829
CGTGCG	0.854	0.999	1.174
ACGGCC	1.284	0.899	0.856
ATTGGT	0.638	0.859	0.874
AAGCCT	0.928	1.048	1.103
GGGCTT	1.239	0.871	1.004
AGCGCG	0.912	1.022	1.228
CTGTCA	1.124	1.058	1.053
TCCTTT	0.875	0.868	0.845
CCGGTA	1.421	1.269	1.232
CTCAGC	0.925	0.986	1.065
CGAGAG	1.946	1.45	1.291
GGACAT	1.076	0.872	0.851
ACTGCG	0.901	1.06	1.008
CCACAG	1.354	1.015	1.084
GCGGAT	0.906	0.921	0.894
GGCCCA	1.154	1.12	1.213
GATATG	0.823	0.842	0.893
TTTATT	0.627	0.749	0.75
GGCAGG	1.407	1.025	1.059
CACACC	0.793	0.696	0.734
ACGTGT	1.188	1.144	1.022
TTTAGG	0.936	0.934	0.978
GACAGA	0.927	0.887	0.918
AATTCG	1.026	0.978	0.908
TCCTAC	1.167	1.021	1.18
GGTCCC	1.338	1.293	1.208
CTAACT	0.818	0.861	0.814
TGCCCT	1.23	1.098	1.267
TGCCTC	1.211	1.077	1.285
CCTCAC	1.209	1.137	1.156
GGCCAG	1.266	0.909	0.912
GGCCAA	1.035	0.929	0.841
CGTCCC	0.812	1.019	0.958
ATCCGA	1.069	1.068	1.141
CCTAGA	1.418	1.292	1.364
AGAATG	0.677	0.831	0.892
ACGAAA	1.066	0.967	0.957
TTATGG	0.827	1.012	0.893
CCTTAT	1.384	1.289	1.366
ACCGGT	0.78	0.787	0.779
GGGCCT	1.404	1.227	1.404
ATTCAG	0.641	0.724	0.712
CCACAA	1.082	0.885	0.966
CTTCAC	0.896	0.818	0.88
TCCAAA	0.812	0.873	0.868
TACGGA	1.045	0.943	0.866
AAGAAA	0.735	0.889	0.912
TCCACA	0.89	0.772	0.707
CGTTCG	1.087	1.02	1.008
GAAACA	0.952	0.837	0.784
GCTAGG	0.931	0.84	0.86
ACAGAA	0.992	0.769	0.777
ATGCGT	0.695	0.949	1.102
AAGCCA	0.857	0.973	1.008
CGAAGG	1.636	1.919	1.906
GGTCGT	0.958	0.974	0.997
CAGGCA	1.162	0.79	0.768
GATAAC	0.802	0.854	0.876
AGACTG	0.968	1.046	1.07
GAGTCT	0.916	0.903	0.896
ACTCAA	0.66	0.688	0.714
GGTGTC	0.988	0.948	1.061
CATGGC	0.994	0.847	0.832
GTCTTA	0.635	0.778	0.794
ACCGGC	1.001	0.928	0.845
TATTAT	0.732	0.889	0.913
CGCTTA	1.118	0.872	1.008
ACGCCT	1.5	1.156	1.163
AGCGAC	0.79	0.769	0.887
ACGACT	1.262	0.933	0.861
ATGTGT	0.638	0.816	0.898
CTGTAC	1.155	1.095	1.034
CCGGAA	1.58	1.335	1.35
CCACCT	1.355	1.26	1.271
GCGCGT	1.086	1.106	1.252
CTGAAA	1.152	1.398	1.253
TGCCTA	1.418	0.93	1.141
GTAGCC	0.935	0.822	0.856
CAGCTG	1.239	1.006	0.938
GACGTT	0.798	0.8	0.859
CTAACG	1.094	0.921	0.858
ATAAAT	0.684	0.83	0.748
GGACAC	1.059	0.931	0.933
GCTCGT	0.904	0.906	0.927
CCGTTC	1.587	1.981	1.676
GACCCG	1.401	1.469	1.325
CGGACT	1.566	1.493	1.496
CCCGAT	1.54	1.371	1.376
GCATTG	0.901	0.734	0.777
TGCGAA	0.935	0.973	0.948
ATATGT	0.662	0.87	0.936
AAAATG	0.703	0.849	0.814
ATGTCA	0.707	0.765	0.755
ACGCGC	1.58	1.019	1.002
GTTCTT	0.741	0.797	0.83
CCGCAT	1.979	2.522	2.113
ACCGTG	0.928	0.833	0.86
CAGCAT	1.16	0.797	0.76
GACCTA	0.992	0.858	0.899
AGGAAA	0.92	1.132	1.086
CGAGCA	0.959	1.055	0.923
GCCAAG	0.736	0.729	0.784
TTCCGT	0.857	0.832	0.968
GCTTAT	0.842	0.823	0.888
ACCCGT	0.725	0.768	0.765
TTAGAA	0.728	0.796	0.769
ACAGGT	0.979	0.814	0.746
AGCCGC	1.127	1.061	1.013
GTTTTA	0.607	0.699	0.695
ATCAAG	0.529	0.683	0.736
GAGGGT	0.816	0.742	0.777
TTGCGG	1.155	1.156	1.227
GGGTAC	1.066	0.872	0.94
ACTACT	0.764	0.831	0.828
CCTCGG	2.668	1.681	1.628
CCAGCA	1.168	0.928	0.998
TTACAG	0.785	0.784	0.786
TTGTGG	0.941	1.093	1.06
CTGTGC	1.41	1.11	1.192
ACGTCA	1.29	0.854	0.824
CAGTGT	0.907	0.79	0.758
AGTCTA	0.693	0.78	0.778
ACAATG	0.814	0.762	0.746
TGCTCA	1.233	1.007	0.96
TCAGCA	0.854	0.788	0.723
TATCAG	0.89	0.88	0.84
CACGTC	0.837	0.724	0.749
TCCATC	0.759	0.762	0.746
CAACGG	1.098	1.023	0.998
TCAAGA	0.81	0.835	0.742
AATAAT	0.593	0.71	0.642
GCCATA	0.905	0.87	0.843
TTGGGC	0.961	0.878	1.032
TATATC	0.666	0.758	0.884
CAAGTA	0.812	0.7	0.67
AATTTC	0.767	0.85	0.871
ACTAGG	0.926	0.928	0.894
GCGGTT	0.94	0.808	0.862
TTGTCG	0.998	0.92	0.925
GTGCGG	0.968	1.073	0.914
AACACA	0.85	0.774	0.707
TGTCTA	0.876	0.839	0.838
AGCTTC	0.802	0.799	0.946
AAAAGT	0.827	0.97	0.896
CGTATG	0.808	0.861	1.0
TTATTC	0.657	0.756	0.712
TTGAAC	0.717	0.795	0.842
CGCCAG	1.039	0.744	0.662
AACGCG	1.061	0.978	0.832
TACGCG	0.971	1.079	0.967
AGTGTT	0.633	0.732	0.821
TATGAT	0.787	0.9	0.922
GGGGCT	0.946	0.889	0.798
CCGTTG	1.581	2.348	1.919
ACCGGA	0.906	0.758	0.868
GGAGTT	1.133	0.876	0.887
CTGAGC	1.075	1.136	1.172
TACTCG	1.219	1.066	1.035
GGGAGG	1.198	0.956	0.959
GTCCGA	1.461	1.417	1.242
TGTGGG	0.909	0.941	1.023
TCGAGT	1.029	0.879	0.759
CCTGCT	1.298	1.188	1.356
CAGACA	1.069	0.852	0.801
GATTCC	0.89	0.859	0.904
CACGCG	0.968	0.72	0.776
CATGGG	1.046	0.9	0.921
TCAAGT	0.811	0.734	0.709
TGCGAG	0.979	0.953	0.89
AGCAGC	0.763	0.704	0.796
CCGTCG	2.408	3.174	2.341
TCACCC	1.216	0.955	0.889
GTCATG	0.632	0.736	0.807
TGGGCG	1.072	1.009	0.993
TTCCGG	1.028	1.128	1.246
GGGCAA	1.046	0.856	0.796
GCGTAC	1.021	1.032	0.92
TCCATA	0.859	0.822	0.835
CGTCCA	0.992	0.983	1.064
GGCATT	1.042	0.965	0.926
GCAGTC	0.916	0.798	0.795
TGTAGC	0.836	0.732	0.957
TGGATT	0.94	0.987	0.964
CAGTTT	0.899	0.842	0.794
TGCATG	0.95	0.928	0.911
GAAGAA	0.766	0.753	0.78
ACATCC	0.955	0.737	0.676
TGTTCC	0.955	0.948	1.02
AATTAT	0.75	0.975	1.079
GTCCGC	1.01	0.982	0.94
GGGCAG	1.414	0.816	0.932
GAAAGT	0.777	0.753	0.812
AGATCC	0.887	0.855	0.907
ACGAGT	1.135	0.96	0.965
ACGGGA	1.236	1.036	0.997
AAGACA	0.808	0.785	0.812
ATGCTC	0.772	0.815	0.859
ACTATT	0.639	0.707	0.701
CCAAGT	1.098	1.088	1.17
GCTTGT	0.766	0.811	0.828
CCCACC	1.451	1.09	1.048
CTCACA	1.019	1.04	0.985
CAACGA	1.41	1.288	1.298
TGTACT	0.86	0.941	0.877
TCCGCG	0.965	1.086	0.968
CAGATT	0.929	0.872	0.905
GACGCC	0.943	0.794	0.849
GCCCCG	1.332	1.895	1.6
CAAATG	0.759	0.815	0.818
GAGTGC	1.092	0.982	0.987
GCACAA	0.831	0.702	0.652
GGTTTC	0.835	0.805	0.818
CATACG	1.038	0.866	0.796
GGTCTT	1.073	0.964	0.955
CCATTG	1.03	0.969	1.01
CGTCTA	0.794	0.923	0.891
GCTTCA	0.922	0.768	0.784
CATATC	0.752	0.748	0.694
AATCCT	1.098	1.272	1.302
CAGGGG	1.016	0.869	0.734
TTGATG	0.732	0.874	0.948
CGAGAC	1.289	1.425	1.435
CGCGAT	1.058	0.919	0.986
ACTTTA	0.696	0.752	0.701
CCCTCG	2.004	1.158	1.2
CTTCGG	1.419	1.282	1.445
ACTCTA	0.757	0.762	0.778
TTACTG	0.901	0.938	0.955
GAACAG	0.83	0.775	0.732
AAACAC	0.819	0.921	0.89
CGTCAA	0.738	0.75	0.794
TCGAGA	1.012	0.902	0.794
TGTGGC	0.918	0.897	0.915
AACCCG	1.412	1.46	1.402
CGAAGA	2.372	2.259	2.104
GTCCAG	0.835	0.718	0.708
AACATG	0.629	0.731	0.747
TACACC	0.856	0.788	0.824
AAGCTG	0.918	0.956	0.93
TATACA	0.841	0.776	0.758
GCTGTT	0.792	0.809	0.862
TACGTA	0.794	0.789	0.801
GCAGAG	0.976	0.762	0.721
CTTCCG	2.042	2.504	1.996
ATGAAC	0.628	0.788	0.82
ACGGTC	1.09	0.902	0.931
ATGAGC	0.691	0.835	0.873
CTAGTA	0.732	0.747	0.756
GGACCT	1.314	1.17	1.304
AGGCTT	1.094	1.114	1.105
CTGAGG	1.333	1.367	1.363
ACAGGA	1.183	0.872	0.898
ACCATC	0.588	0.664	0.623
TCTCGG	1.182	1.188	1.122
ACCCTT	0.845	0.752	0.76
CCCTGT	1.62	1.418	1.338
ATGTCT	0.641	0.741	0.812
ACGCAA	1.249	0.897	0.853
CAGTTA	0.918	0.866	0.834
GTCCCC	0.964	0.844	0.949
AGAGCT	0.804	0.8	0.792
TTACTA	0.73	0.808	0.792
GTAATT	0.752	0.751	0.751
AACCCA	1.009	1.057	1.12
AAAACC	0.762	0.86	0.8
TGCGAC	0.969	0.91	1.034
CTGCTT	1.11	0.957	0.894
CGCTCT	1.25	0.968	0.933
AAGTCG	0.979	0.895	0.871
CCAGGC	1.524	1.224	1.384
TCTACT	0.728	0.74	0.755
TGCTTT	1.264	1.038	0.965
ACCAAG	0.693	0.772	0.766
ATCTAC	0.808	0.863	0.944
CTTAAT	0.795	0.85	0.757
GACCAT	0.832	0.722	0.747
GCTGCA	1.001	0.829	0.874
CCGACC	2.112	2.025	1.945
GGACGC	1.364	1.171	0.998
TTAAGC	0.814	0.764	0.855
ACTGAT	0.806	0.827	0.832
ATTCTG	0.832	1.086	0.968
GGGATG	1.094	0.982	1.019
ACATTT	0.782	0.773	0.686
CAGCTA	1.025	0.848	0.809
CCACTG	1.583	1.19	1.19
TTTCAA	0.702	0.746	0.696
CCTGCC	1.171	1.06	1.144
CCGGAG	1.618	1.491	1.45
GGCCGT	0.97	0.954	0.994
AGACTT	0.943	0.928	0.948
TTCCTA	0.836	0.774	0.793
TTCATT	0.688	0.735	0.736
ATACTT	0.94	0.938	0.95
CAAACG	1.054	0.809	0.732
ACCGAC	0.722	0.74	0.836
GGGTCG	1.187	0.973	1.001
GACCGC	1.293	0.922	0.948
GGGGAG	0.736	0.755	0.774
CAAAGG	0.94	0.87	0.829
TTTGTA	0.678	0.743	0.765
ACTTGT	0.778	0.956	0.899
CGCCAC	1.004	0.86	0.944
ATGCTT	0.766	0.832	0.865
ACTAGT	0.722	0.741	0.773
AGCCCC	1.089	0.904	1.056
AGGAGT	0.969	1.163	1.275
TTTGCC	0.792	0.836	0.906
TGCGTT	0.937	0.945	1.004
CGTCGA	0.931	1.537	1.349
GTATGG	0.924	0.961	0.878
TGCCAT	1.175	0.998	0.937
ATTCTC	0.855	0.915	0.862
GCGTTG	0.894	0.959	0.893
ACCTTA	0.729	0.758	0.716
CTACCT	1.04	0.981	1.086
GATGAC	0.906	0.796	0.854
GTCTAC	0.933	0.85	0.944
CGCCTA	1.341	0.871	0.818
TGTTGT	0.841	0.883	0.884
TCCTGT	0.903	0.887	1.006
TGTGCG	1.076	1.087	0.998
CGCTCG	1.57	0.832	1.011
GCGATA	0.935	1.208	0.901
TATGGC	0.978	0.95	1.01
GACATA	0.802	0.845	0.783
AGTTCT	0.76	0.832	0.919
TTCCAA	0.752	0.737	0.726
TTGTTG	0.737	0.784	0.86
GCTATA	0.889	0.922	0.824
CGCGGT	1.01	0.918	0.845
GAGCCA	1.168	1.022	1.092
CATGCG	0.998	0.917	0.964
TGTATG	0.857	0.918	1.085
CCGCGT	2.418	3.235	2.54
GTCGAG	0.821	0.748	0.8
CTCAAC	0.955	0.879	0.842
GTCTTC	0.725	0.764	0.889
GCAGAC	0.982	0.815	0.836
TTTACT	0.664	0.774	0.777
CTCCCA	1.028	0.922	1.078
TGGACT	0.962	0.967	0.915
CCACCA	1.292	1.171	1.289
ATCAAC	0.546	0.665	0.687
GCGCTA	0.97	0.822	0.731
ATCTAT	0.661	0.793	0.849
CCTCCC	1.828	1.485	1.639
TCCGTA	0.786	0.743	0.778
TGTGAT	0.816	0.963	0.963
ACAACA	0.962	0.767	0.759
AGAATT	0.686	0.847	0.856
AGTACT	0.712	0.759	0.769
TTGTAC	0.888	0.89	1.017
CCACTA	1.216	0.997	1.052
AGAACT	0.768	0.802	0.848
CGAGGG	1.946	1.926	1.542
CGTCCT	0.819	1.108	1.113
CGCACT	1.033	0.829	0.763
ACCGTT	0.653	0.69	0.789
GGAAGG	1.205	1.088	1.102
GCATCC	1.023	0.796	0.783
GTACAC	0.89	0.858	0.92
TCCCCT	0.863	0.822	0.895
GAATGT	0.803	0.794	0.849
CGTTTC	0.876	0.783	0.92
GCCCTG	1.072	1.288	1.031
GCTCTA	0.806	0.697	0.718
TTAGAG	0.764	0.727	0.771
TATGAA	0.779	0.893	0.946
CCAACG	1.509	1.224	1.22
AAGAGC	0.75	0.792	0.812
CCGATA	2.069	2.034	1.559
AGCGTT	0.708	0.697	0.869
ATGCAC	0.702	0.766	0.788
GTATCA	0.901	0.704	0.784
CACATA	0.813	0.755	0.833
GATTGG	1.086	0.949	0.98
GCGTCT	1.05	1.228	1.088
GATGGG	1.232	0.978	1.066
CTACAT	0.883	0.895	0.856
CCCGAA	1.461	1.101	1.2
ATGTGG	0.678	0.893	0.893
AAGAGA	0.73	0.872	0.874
CCAAAC	1.102	1.09	1.18
AGCATT	0.658	0.684	0.731
AATCGC	1.269	1.244	1.337
GGCGCC	1.18	1.032	1.058
TGCCGA	1.989	2.329	2.367
ATAGCT	0.836	0.96	0.853
TTACGG	0.864	1.173	1.102
AGGGCT	0.851	0.939	0.859
ATGGAC	0.666	0.817	0.889
CTGTGT	1.004	1.04	0.911
GTTCTA	0.708	0.748	0.808
CTGCGC	1.339	1.506	1.334
GGTAAG	0.798	0.784	0.782
TCATGG	1.046	0.934	0.834
GGGGGG	0.657	0.766	0.628
ATTCAA	0.552	0.716	0.732
TTCTGG	0.938	1.052	1.018
CCTGCA	1.37	1.236	1.334
CCACAC	1.17	0.992	1.082
CACACT	0.799	0.768	0.804
GCTAGT	0.804	0.723	0.803
AGGGTC	0.789	0.887	1.009
TCTCTA	0.798	0.804	0.767
CGCGCA	0.85	0.988	0.85
GGCCAC	1.072	1.014	1.082
CTTACG	0.866	0.929	0.93
CTCTGC	1.41	1.19	1.186
AGTCCA	0.834	0.878	0.982
CATCGA	1.378	1.17	1.124
AAACTT	0.886	0.914	0.914
AGCAGA	0.707	0.776	0.798
AGAGGG	0.941	0.825	0.783
TCATCT	0.722	0.692	0.688
CACTTA	0.936	0.804	0.763
GCAGTA	0.962	0.718	0.762
GTGGTG	1.065	0.828	0.834
CAATTG	0.75	0.78	0.771
ATAGGG	0.891	1.052	0.917
CCATAC	1.225	1.094	1.087
TGTACG	1.214	0.994	0.865
ACCCTC	0.822	0.903	0.819
GCTAAG	0.744	0.807	0.832
CATTAC	1.02	0.912	0.941
GAGCAC	1.018	0.843	0.874
TTCAGG	1.089	1.072	0.979
CCTCTA	1.267	1.031	1.115
GTCCCT	0.869	0.864	0.895
CGGATC	1.6	1.294	1.147
AATCTG	1.023	1.024	0.939
GATCTC	1.116	0.982	0.939
GCGCGG	1.282	1.235	1.124
AACGAG	0.878	0.834	0.828
CCCCTC	1.535	1.246	1.17
CACCGT	0.893	0.864	0.868
GATTCA	0.868	0.806	0.798
ACTGCT	0.75	0.822	0.847
CGTTCT	0.911	0.888	0.942
CGCAGG	1.145	1.104	1.073
TCGGAA	1.148	0.999	0.922
TCGGAC	1.112	0.936	0.981
ATTATC	0.566	0.693	0.754
ATTAGT	0.536	0.668	0.748
ATCGAC	0.644	0.713	0.81
TTGACC	0.729	0.812	0.846
CTAAGA	0.879	0.843	0.849
GTAGAA	0.828	0.72	0.673
TTCCCT	0.976	0.968	1.018
TCTAAG	0.795	0.843	0.87
AGGCGA	1.288	1.624	1.453
GATTTA	0.844	0.871	0.847
GGGCGT	1.326	0.961	0.897
TTTAAC	0.619	0.731	0.755
CATTTC	0.721	0.745	0.724
CGGGTC	1.243	1.312	0.95
TTTATA	0.801	0.878	0.757
GATCCC	1.277	1.088	1.135
GCTTTA	0.75	0.725	0.72
CCATAT	1.097	1.014	1.088
ACGACG	1.418	0.936	0.918
TTTTAT	0.711	0.815	0.872
TACGAC	0.901	0.832	0.884
AGAGTT	0.754	0.858	0.898
GTTGCG	0.725	1.023	0.966
TGGTGT	1.0	0.952	0.927
AGATAC	0.854	0.854	0.871
CCGCGC	2.964	2.73	2.362
CGTAAT	0.872	0.938	0.956
CAAACT	0.707	0.728	0.658
GCTGTA	0.827	0.716	0.79
ACTCCC	1.034	0.902	0.86
GGTCTC	1.208	1.07	0.948
GAGGTC	0.947	0.802	0.868
CCGCCT	2.418	3.025	2.489
AAAGGG	0.952	1.052	0.974
CTCCCG	3.212	6.071	4.701
GGATCC	1.208	1.027	1.03
CTGGCA	1.242	0.995	0.872
TCGAGG	1.232	1.138	0.949
TTCGAG	0.884	0.83	0.788
GAGGAC	0.88	0.72	0.759
GTACTA	0.876	0.756	0.843
AAATCG	1.046	1.046	0.952
TTTTTT	0.617	0.69	0.687
CACTTT	0.896	0.852	0.852
GTTAAG	0.58	0.713	0.726
GTCTTG	0.776	0.872	0.9
CTACTA	0.972	0.935	0.889
GACGTA	0.875	0.722	0.842
GTCTGG	0.936	1.029	1.058
GTAATA	1.068	1.032	0.946
TACCCC	1.083	1.031	1.01
ATCAAA	0.61	0.788	0.756
GTTCGA	1.29	1.487	1.344
GACGAA	0.892	0.775	0.844
CTCCAC	0.936	1.01	0.971
TCATAT	0.793	0.785	0.711
TGTTAA	nan	10.009	8.979
TCGACC	0.961	0.79	0.72
GTTGAA	0.733	0.776	0.8
CTAAAC	0.76	0.806	0.804
TGGCTC	1.407	1.072	0.987
ATAGCA	0.911	0.95	0.838
CAATGC	0.991	0.919	0.906
ATACCA	0.944	1.013	1.03
CGGACA	1.757	1.586	1.147
AGCCCA	0.848	0.846	0.86
TGTGAG	0.974	1.077	1.182
CCGTGC	2.218	2.404	2.303
AGTCGA	1.142	1.395	1.379
GTCAGG	0.844	0.698	0.72
AAGCTC	0.932	0.903	0.861
CGCTCC	1.188	0.882	1.084
CGGATA	2.197	1.97	1.644
CCTTTT	1.134	1.108	1.123
GGTGCG	1.164	1.058	1.174
CTGCGT	1.16	1.065	1.197
TCGGCG	1.37	1.548	1.285
GCGGGC	0.892	0.797	0.802
GATCTG	1.146	1.12	1.034
CAGACT	0.915	0.72	0.784
ATCCTA	0.727	0.77	0.749
CAGCGG	1.528	1.161	0.926
ACAGAG	0.982	0.794	0.769
GACTCG	1.132	0.908	0.916
TACGGC	1.159	1.039	1.066
CGATCT	1.941	1.815	1.742
TTAACA	0.689	0.741	0.716
CAATCC	0.796	0.768	0.751
GCCAGC	0.937	0.653	0.762
GCGAAG	0.938	0.964	0.908
CGGTAT	2.182	1.78	1.63
CCAGTT	0.947	0.976	1.022
CTTGGG	1.09	1.008	0.992
ACACAA	0.781	0.726	0.66
TGTCAG	0.843	0.789	0.748
TTTGCG	0.945	1.054	0.993
TGGAAG	0.865	0.96	0.894
ACCCAG	0.636	0.702	0.698
ACTCGG	1.05	1.286	1.043
TGTATA	0.912	1.079	1.112
CGGTGT	1.592	1.558	1.482
CACTTG	1.021	0.896	0.909
ATCACG	0.795	0.748	0.762
ATGCCA	0.895	0.903	0.974
AGAGTA	0.701	0.786	0.773
ACTAAT	0.694	0.739	0.749
TGTTTC	0.821	0.849	0.893
GCCGCC	0.869	0.765	0.772
CGGCGT	3.929	3.452	2.416
CTCCGA	2.665	2.108	1.934
ATGCTA	0.732	0.783	0.768
TCCACC	0.667	0.678	0.682
CACCTA	0.889	0.74	0.79
CTGAGT	1.301	1.165	1.037
AGCCGT	0.77	0.663	0.818
TCGTTA	0.94	0.918	0.801
TGCTTC	1.201	1.041	1.056
TCCCGA	1.126	0.97	0.944
AAAGCC	0.912	0.887	0.906
CCAATA	1.068	1.009	0.925
CCGCGA	2.942	4.116	3.211
CCATGC	1.436	1.067	1.05
GTCGAT	0.698	0.766	0.794
TGTAAG	0.762	0.975	0.963
AATATA	0.839	0.912	0.825
CCGCTT	1.72	1.678	1.341
GAAACT	0.826	0.812	0.84
CGTCGG	1.04	0.974	1.032
AGCAAA	0.686	0.861	0.845
GGTTGC	1.342	1.1	1.131
ATCGCC	0.69	0.744	0.785
TTAGCC	0.761	0.814	0.768
GCGTGG	0.895	0.896	0.894
GTAGAC	0.806	0.73	0.732
AGCCAA	0.74	0.767	0.85
CTTACT	0.842	0.862	0.77
CAGGTA	0.927	0.842	0.812
TTTGGC	0.907	0.932	0.832
GCCTTC	0.846	0.786	0.808
CATAGA	0.868	0.874	0.866
AGCACT	0.706	0.739	0.78
GCGCAG	0.919	0.765	0.768
TCCCGT	0.745	0.732	0.762
TTACAC	0.697	0.794	0.794
GTTGAT	0.671	0.768	0.852
TCGGGA	1.012	0.968	0.921
TTAGCA	0.787	0.777	0.742
GCGTTA	0.84	0.809	0.739
GTTTTT	0.59	0.714	0.745
AAATTC	0.742	0.851	0.861
GGAGTG	1.478	0.943	0.986
GGCCTA	1.342	1.103	1.042
CATCGT	0.892	0.866	0.866
ATGTTG	0.642	0.72	0.794
ACTCTC	0.892	0.896	0.804
CTATGG	0.996	1.092	1.122
CAGAGA	0.935	0.966	0.928
CCAGTG	1.249	1.068	1.138
TGGACA	1.031	0.818	0.868
ATTACG	0.712	0.771	0.798
AACACG	0.928	0.746	0.78
AGTTAC	0.901	0.923	0.923
TGCCGG	1.765	1.836	1.719
TTACTC	0.903	0.882	0.842
TTCTTT	0.738	0.786	0.836
AGGCTA	0.974	0.906	0.944
ACTACG	1.022	0.815	0.956
GAGATT	0.912	0.856	0.895
TTCCCA	0.798	0.819	0.905
ATGGCG	0.898	1.035	1.06
ATGACG	0.819	0.845	0.766
ATATAC	0.904	0.976	0.902
TCTTGC	1.076	0.945	0.921
GTGTTC	0.927	0.842	0.843
AGTTCG	0.993	0.985	0.88
CTGCCG	2.253	3.291	2.857
AGAATC	0.714	0.828	0.886
TACCCT	0.988	0.964	1.003
AATAGG	1.029	1.063	1.074
AGTGGG	0.614	0.754	0.72
TCCGAG	0.956	0.812	0.861
TATCAC	0.807	0.835	0.86
GTGCGC	1.132	0.99	0.878
CACCAA	0.774	0.754	0.639
GATGAG	0.897	0.839	0.858
ACTGAC	0.814	0.758	0.842
TTAGGA	0.926	0.885	0.855
CTTCAT	1.003	0.923	0.882
AAGGAC	0.778	0.807	0.848
TCGACG	1.166	0.953	0.889
TGCTCG	1.321	1.141	1.076
AAAGAG	0.904	0.926	0.897
ACATGC	1.264	0.893	0.799
AAGCGT	0.767	0.856	0.906
TATGCA	0.903	0.867	0.861
ATCCAA	0.537	0.64	0.649
AATACA	0.841	0.779	0.752
GCATAC	0.95	0.818	0.829
CCCTAT	1.641	1.383	1.388
AGTCTG	0.845	1.044	0.886
ATAGGA	0.937	1.128	1.034
AGATTG	0.779	0.904	0.927
CGTACG	0.878	0.973	1.06
GTGCTC	1.197	0.869	0.901
AAGGTC	0.67	0.796	0.814
ATTTGG	0.756	1.041	1.052
CGAAAA	2.182	2.815	2.389
TGTTGC	1.315	1.124	1.065
TTGAGT	0.743	0.871	0.927
TATGCG	0.912	0.966	0.892
GGGACT	1.187	0.984	0.975
AGGCCC	1.27	1.195	1.392
AACCTA	0.94	0.879	0.862
ACACTG	1.209	0.941	0.863
TCCCTA	0.92	0.804	0.813
CGTGCT	0.798	0.84	0.898
GTCCCA	0.77	0.729	0.806
GAGTCG	1.174	0.963	0.919
TTCGCT	0.75	0.819	0.889
TCGATT	0.887	0.89	0.888
CCTAGG	1.662	1.436	1.398
CTACAG	1.12	1.01	0.949
ACCCGA	1.16	1.112	1.01
GGAACC	1.28	1.103	1.058
CCACCC	1.392	1.145	1.28
TCTTTC	0.724	0.798	0.81
GAGTAT	0.874	0.841	0.919
AATTCT	0.754	0.848	0.823
TCTCGT	0.831	0.844	0.902
CTACCA	1.003	0.906	0.906
TCTATG	0.81	0.896	0.85
TGTTTG	0.844	0.987	1.011
TGCACA	1.123	0.858	0.927
AGAACG	0.92	0.713	0.826
CGGAAT	2.027	1.626	1.41
ATGGCT	0.743	0.874	0.917
GTGCAT	0.911	0.785	0.814
GAATAT	0.83	0.817	0.885
TGCCAC	1.114	0.963	1.0
GAAATC	0.742	0.83	0.866
TTAGCG	1.049	1.105	0.987
GATAAG	0.774	0.846	0.834
TCGCAC	0.937	0.746	0.721
CGATCG	2.495	2.817	2.296
TGTCGA	1.881	2.206	2.294
TACCTC	1.292	0.983	1.17
AGGCCT	1.227	1.508	1.626
CTTATG	0.699	0.823	0.886
CCCAAT	1.517	1.21	1.174
GATTCT	0.88	0.876	0.869
ACATCT	0.885	0.747	0.71
AATTGC	1.044	0.954	1.003
ATTAGC	0.586	0.735	0.838
ACAACT	0.878	0.747	0.729
GCATCG	1.186	0.854	0.777
ACAACC	0.806	0.685	0.646
AATATC	0.738	0.866	0.879
TCCGAA	0.879	0.816	0.82
GTAACA	0.924	0.789	0.81
GAAGGT	0.838	0.798	0.829
AGAGAA	0.806	0.84	0.873
GCACAT	0.77	0.697	0.728
GTACCC	1.322	1.031	1.1
AGGCCA	1.156	1.232	1.383
CAAAAC	0.765	0.762	0.77
GGCTCG	1.313	0.991	0.965
GCTATT	0.716	0.732	0.778
TACAGT	0.959	0.866	0.981
TATAGT	0.752	0.838	0.856
TTCTTG	0.737	0.799	0.878
CTCCCC	1.324	1.095	1.003
CGCCCC	1.148	0.982	0.979
CTGGTT	0.826	0.918	0.844
TTGGGA	0.95	0.899	0.909
TCTTAC	0.934	0.925	0.948
TGGGTG	0.792	1.005	0.933
TTGCTT	0.91	0.836	0.946
AGCCTT	0.884	0.905	0.9
TGTCAA	0.826	0.844	0.833
TTCATC	0.649	0.706	0.76
AAAATT	0.642	0.822	0.802
TACTGC	1.255	1.128	1.162
CAGTCG	1.228	0.924	0.908
TTCCGC	1.102	0.953	0.982
CAGGCT	1.008	0.828	0.752
ATCCAC	0.487	0.782	0.751
GCGGAC	0.898	0.815	0.754
AAAGTG	0.883	0.891	0.852
AAATGC	1.006	1.031	0.929
AGCTGT	0.902	0.91	0.906
GTTGTA	0.626	0.629	0.681
GCCAGG	1.109	0.892	0.9
AAAAAG	0.778	0.957	0.894
GTGTGT	0.758	0.848	0.649
GTGGTA	0.96	0.758	0.808
CGTGGG	1.008	0.858	0.939
GCGCTG	1.112	1.32	1.103
TCGTTT	0.975	0.86	0.832
AATATG	0.681	0.818	0.74
ACCTAC	1.086	0.97	1.017
GCCCCT	0.83	0.704	0.799
TCCGGG	1.044	0.887	0.85
CGTCTT	0.956	0.968	0.938
AACACC	0.688	0.741	0.77
AGCACA	0.893	0.76	0.802
AGATGC	0.998	0.991	0.885
AGTAAC	0.689	0.747	0.796
CTAGGA	1.146	0.945	1.018
CCCAGT	1.656	1.133	1.176
GGACTA	1.281	0.996	0.966
AGTGGT	0.692	0.732	0.807
GGCTTC	1.02	1.012	1.015
TATCTT	0.926	0.917	0.9
GACAAC	0.798	0.78	0.814
AGAGGC	0.93	0.926	0.868
GCAATA	1.148	0.86	0.772
GGTGTG	1.079	0.892	0.958
TTCATG	0.679	0.832	0.832
TTTCAC	0.816	0.813	0.875
ATTGGC	0.802	0.905	0.883
AGGCGT	1.195	1.165	1.26
TTTCCT	0.98	1.016	1.166
CCTGAG	1.59	1.351	1.502
CTAAGC	0.866	0.874	0.942
CCGAAT	2.123	2.322	1.892
ACTGAG	0.938	0.825	0.836
GTTATA	0.696	0.859	0.78
ACCCAC	0.722	0.654	0.701
GTCGTT	0.676	0.68	0.749
TTGTGC	0.978	0.966	1.065
TTGGAG	0.849	0.813	0.854
CATAGT	0.803	0.71	0.785
GCCGTT	0.788	0.718	0.798
GGTCAG	1.062	0.865	0.893
TTCTGT	0.784	0.836	0.907
GAGAAT	0.935	0.857	0.851
CGTAAC	0.761	0.849	0.871
TTAAAT	0.598	0.747	0.738
CTAATG	0.672	0.779	0.822
CTCGAG	0.948	0.834	0.908
ACCTGG	1.095	1.106	0.971
AAACTG	0.998	1.082	1.069
GAGGAT	0.84	0.736	0.766
ATGGAT	0.629	0.814	0.869
GTATCG	1.154	0.953	0.909
ATTCCG	0.973	1.489	1.412
ATAATC	0.619	0.778	0.756
CGGAGT	2.137	1.657	1.308
GTCGAA	0.736	0.724	0.786
CCACGG	2.405	1.562	1.425
CATATG	0.759	0.862	0.881
GGACAG	1.446	0.936	0.896
ATCCTC	0.844	0.83	0.898
TCTCCA	0.875	0.855	0.86
CTATCA	0.854	0.787	0.778
CTTTTA	0.806	0.784	0.771
GGGCTC	1.4	0.909	0.85
CTGTTC	0.917	0.891	0.907
AGGTCA	0.971	0.953	1.027
TCCGCA	0.766	0.797	0.711
GGTGGT	1.062	1.052	1.044
CCCATG	1.485	1.162	1.051
GACAGG	1.068	0.868	0.974
CGCGCG	0.738	1.288	1.295
CTCTCG	1.243	0.992	0.822
AACTGG	1.02	0.958	0.89
CGAACA	1.784	1.614	1.48
GTAAAT	0.833	0.845	0.806
GAGACC	1.024	0.852	0.816
TCGCTT	1.023	0.842	0.784
CGCGAA	1.196	0.976	0.954
CTTGTG	0.964	0.948	0.985
ATGATC	0.618	0.722	0.778
ATCATA	0.666	0.797	0.745
ACTGCC	0.818	0.748	0.844
CGGTAC	2.638	1.588	1.82
GTTTCT	0.608	0.699	0.76
TCAGAT	0.868	0.812	0.785
AGACCA	0.926	0.978	1.036
GGAGAT	1.053	0.911	0.994
TCGCTG	1.372	1.093	1.002
GTTCCG	1.061	1.633	1.489
CTAAGG	1.041	1.003	1.072
GTGACG	1.379	0.964	0.984
ACCCAA	0.626	0.643	0.631
TATACG	0.982	0.926	0.892
GAACGT	0.875	0.782	0.791
AACGTA	0.834	0.758	0.84
TCTTTA	0.728	0.788	0.769
ATTTAC	0.732	0.819	0.853
TGCTCT	0.986	1.012	1.068
TGGTAC	1.234	1.016	1.092
TCGGCC	1.117	0.847	0.84
GATTTC	0.823	0.825	0.878
GGAAAC	1.032	1.005	0.951
ACTTCA	0.845	0.782	0.734
TTTCTA	0.73	0.77	0.767
GGCCTG	1.477	1.307	1.322
CTGTTG	1.006	0.992	1.04
GTATTC	0.79	0.77	0.764
GTACAG	0.976	0.779	0.761
AGGTGG	0.803	1.064	1.066
CTTAAG	0.813	0.878	0.867
AGGCAT	1.017	1.015	1.096
CCCACT	1.483	1.056	1.166
ATAAAG	0.69	0.852	0.832
TGTCCA	1.043	1.013	1.075
CTGTCG	1.461	1.223	1.217
CACGAA	0.971	0.83	0.854
GCTGGC	0.961	0.879	0.853
AAAACA	0.899	0.954	0.874
ACGTCT	1.236	0.92	0.849
GCGATT	0.885	0.888	0.77
CCTGTA	1.211	1.15	1.18
GTCGGT	0.806	0.791	0.83
TTTTCA	0.732	0.766	0.77
ATGTTT	0.598	0.744	0.796
TGTTGG	1.047	1.065	0.964
TACAGC	0.997	0.972	1.03
TCCGTG	0.979	0.823	0.876
TCGACT	0.958	0.764	0.74
CGAAGC	2.001	1.476	1.994
GGAGGA	1.217	0.934	1.01
TTCGGG	1.053	1.002	0.942
TTTCCA	0.905	0.823	0.903
AGCGCA	0.848	0.766	0.837
ATAAAC	0.724	0.883	0.823
ACCGCG	0.873	0.834	0.891
AACGGG	0.914	0.832	0.804
GGTGGC	1.335	1.205	1.199
GCTCAT	0.717	0.669	0.681
GCTCTC	0.912	0.828	0.779
TGCTAC	1.471	1.31	1.263
AAGGTT	0.688	0.758	0.834
ATGATG	0.682	0.824	0.902
GGAATG	1.09	1.011	1.013
TGTTCT	0.928	0.98	1.045
CACCCG	1.254	1.344	1.372
AAGACC	0.715	0.787	0.802
ACTCCA	0.842	0.843	0.897
TTCTAT	0.752	0.837	0.909
CCGTCT	1.999	2.727	2.371
TATCGA	1.649	1.146	1.504
GGGAGC	1.05	0.948	0.807
AGTCGC	1.018	0.894	0.921
AGACGA	1.025	1.282	1.474
CTCTTC	0.884	0.87	0.861
AACACT	0.741	0.736	0.785
CACAAA	0.826	0.85	0.93
TGTTTT	0.843	0.909	0.887
GCTCCA	0.874	0.798	0.857
GGCAGT	0.974	0.861	0.881
GGGTGT	0.898	0.989	0.85
GGATAC	1.133	1.026	1.07
ATGCTG	0.906	0.943	0.968
CTCGGG	1.407	1.274	1.178
GGGCTG	1.493	1.152	1.086
ACCCAT	0.599	0.626	0.684
CCACCG	1.799	2.094	1.839
GCGGAA	0.962	0.855	0.787
GGCGCT	1.039	0.904	0.966
AGCCCT	0.893	0.872	0.95
GATGTT	0.806	0.85	0.925
TTGCAC	0.829	0.765	0.85
TCTGAA	0.911	0.898	0.92
CTTGAC	0.902	0.769	0.874
CGCGGG	1.047	0.959	1.154
GAACCC	1.24	0.965	0.887
CTTAGG	0.805	0.896	0.82
CCGTTT	1.411	2.087	1.894
AGGAGA	0.869	0.9	0.935
CGCAAG	0.984	1.014	0.905
GCCCGC	0.905	0.758	0.655
CCACGT	1.228	1.022	1.052
GGTTTT	0.822	0.838	0.822
GCATTA	0.754	0.694	0.697
AGTCTT	0.833	0.817	0.878
ATGCGG	0.733	0.94	0.934
GCCTAC	1.226	0.952	1.05
TTCAGT	0.712	0.751	0.818
GGGATA	1.22	0.984	0.847
CCGCAC	1.909	2.241	1.781
GTTAAA	0.662	0.815	0.824
CGAGTG	1.309	1.206	0.966
GGCAAG	1.005	0.912	0.948
GCACGA	1.114	0.879	1.045
TCTGCG	0.98	1.069	1.02
TTTGAC	0.736	0.806	0.876
TTGAAG	0.686	0.832	0.867
CCTTCG	1.488	1.3	1.328
CCCAGA	1.642	1.251	1.264
AACGCA	0.906	0.771	0.774
CTTAGC	1.099	0.782	0.873
CTAAAA	0.806	0.966	0.888
GAACAT	0.797	0.739	0.73
CTAGCA	0.922	0.806	0.818
ACCGTA	0.676	0.711	0.654
GCAACA	1.074	0.84	0.728
CAGTCC	0.991	0.84	0.808
CGTGGA	0.961	1.039	0.962
AACCCC	1.35	1.075	1.178
GGTAGG	1.039	0.853	0.83
ACCAGG	0.953	0.837	0.862
CGGACC	1.499	1.236	1.016
AGAACC	0.764	0.753	0.811
GTGGAT	0.916	0.795	0.831
AGGAGC	0.978	1.11	1.084
AAGCCG	1.221	1.716	1.519
GCAAAC	0.876	0.774	0.808
TGCAAA	0.987	1.098	1.039
AAACCG	1.266	1.661	1.55
CATGCA	0.936	0.785	0.848
GCGCTC	0.953	0.757	0.732
GAGCTG	1.158	1.026	1.084
TTGCAT	0.772	0.79	0.896
TGGCAG	1.316	0.934	0.872
AACTGT	0.763	0.819	0.816
ACTCTT	0.77	0.814	0.805
CCTGGT	1.612	1.656	1.815
TCAGCC	0.822	0.724	0.706
ATACGG	1.067	1.588	1.535
CGCGCC	1.142	0.775	0.842
GCTCAA	0.69	0.668	0.648
ACCAAA	0.762	0.837	0.819
CTTCGA	1.478	1.82	1.577
AAGTCT	0.756	0.883	0.864
GTAGTA	0.792	0.692	0.64
TTTCCC	1.03	0.941	1.032
TCTGAC	0.894	0.852	0.892
TTAATT	0.628	0.777	0.773
GTCCTT	0.74	0.795	0.815
TTCGGC	0.929	1.015	0.966
TGCAAG	0.888	0.902	0.926
GCAACG	1.23	0.898	0.864
TCAAGG	0.911	0.809	0.8
GGTGCT	0.985	0.947	1.035
AATGGT	0.758	0.834	0.853
GTTAGC	0.584	0.687	0.738
GCGTAT	0.942	0.982	0.864
TACTGT	0.911	1.001	0.99
TCCTCT	0.871	0.891	0.869
CTCTAC	1.206	1.008	0.945
ATAACC	0.605	0.76	0.776
TTTGCT	0.711	0.838	0.864
TCTCCG	1.334	1.635	1.444
CTTTGG	0.887	1.289	1.06
CAGAAC	0.982	0.916	0.93
CCTCAG	1.434	1.151	1.176
GATACT	0.836	0.884	0.877
CTATAT	0.832	0.799	0.817
TTAATC	0.632	0.84	0.782
CTTCTA	0.967	0.822	0.86
CTCTCA	0.905	0.893	0.822
ATTGCA	0.642	0.72	0.752
CTGTTT	0.89	0.917	0.859
GCGAAA	1.046	1.352	0.997
GTTCAA	0.637	0.677	0.707
CAGCAG	1.268	0.762	0.683
GGGCGG	1.748	1.287	0.948
GTCAAC	0.683	0.714	0.822
CGATAT	2.574	2.27	1.955
GATCGA	1.338	1.275	1.324
ATGCCG	1.374	1.71	1.564
ATATAT	0.762	0.867	0.814
GGCAAT	1.018	0.95	0.934
CGACAT	2.793	2.35	2.141
ATCCGC	0.709	0.78	0.875
CAGCCG	1.957	1.753	1.564
GTAAAA	0.852	0.906	0.8
CTTAGT	0.871	0.772	0.79
TACTCA	0.904	0.881	0.872
ATACAG	0.915	0.969	0.921
AATACC	0.68	0.736	0.701
CGAACG	1.649	2.138	1.732
GGAGCA	1.226	0.998	0.954
TCGAAT	1.026	0.871	0.835
CCCCTG	1.896	1.462	1.588
ACATGG	1.015	0.952	0.863
GATGCG	1.0	0.918	0.91
AGGACG	1.062	0.993	0.984
TTAGAT	0.653	0.743	0.768
ACGTTT	0.963	0.898	0.829
CTGCAG	1.242	1.042	0.924
ATAGCG	0.803	1.246	0.995
CGTTGT	0.874	0.908	0.881
CGTCAG	0.904	0.762	0.681
GTAGTT	0.67	0.674	0.69
GATGTG	0.993	0.886	0.937
GGACTT	1.413	1.151	1.043
AGCCAG	0.835	0.751	0.707
GAGCGT	0.935	0.789	0.843
CGGTTC	1.497	1.236	1.14
TGGAAC	0.964	0.916	0.921
GCGAGC	1.31	1.17	0.829
AATGCG	0.916	0.918	0.802
TTAGTG	0.738	0.742	0.717
TTCAAA	0.793	0.922	0.867
GACGGG	1.004	0.852	0.936
GCCCTT	0.801	0.779	0.71
GGCAGC	1.117	0.915	1.037
GCTCGA	1.541	1.166	1.113
ATGCGA	1.132	1.663	1.464
AATCCC	1.205	1.099	1.173
GGGTAT	0.901	0.874	0.851
CTCACT	0.949	0.883	0.937
GCGATC	1.034	0.955	0.72
CTTGGC	1.099	0.954	0.906
TTGCCC	1.238	1.043	1.142
AGCTTG	0.873	0.847	0.958
CCTTTA	1.187	1.044	1.071
GGACGG	1.502	1.317	1.169
AATGCC	0.854	0.818	0.852
ATTTTA	0.526	0.711	0.677
ACAAAC	0.851	0.775	0.746
ACAAGA	0.912	0.807	0.794
ATATTG	0.751	0.866	0.831
CAAATT	0.69	0.771	0.755
AACGCT	0.786	0.805	0.802
GGAGCT	1.075	1.046	0.909
GAAACC	0.772	0.799	0.788
GTACCT	1.038	1.067	1.053
TCCCCG	1.737	1.826	1.738
CCATGG	1.401	1.296	1.259
AATGCA	0.841	0.809	0.8
TCTGGT	0.831	0.844	0.826
TATTGC	1.226	1.174	1.255
ATGACT	0.606	0.758	0.786
GTTGTG	0.747	0.794	0.753
GGCTCT	0.998	0.926	0.914
CTAGAG	0.942	0.849	0.823
TACCTA	0.924	0.883	0.907
TTCTAC	0.922	0.906	0.967
ACTGAA	0.827	0.816	0.86
TCACGG	1.146	0.996	1.14
GTAATC	0.762	0.716	0.72
CGTTGG	1.083	1.182	1.223
GCCCCA	0.892	0.792	0.841
GCAGTT	0.882	0.82	0.853
ACTGGC	0.923	0.897	0.886
GTGGTC	1.047	0.81	0.82
AATTCA	0.83	0.85	0.796
TGGGTA	0.892	0.928	0.792
AACCAA	0.698	0.737	0.716
CGTAGG	0.779	0.849	0.868
GCGACA	1.268	1.274	1.041
GTTGCA	0.715	0.769	0.756
GCGCGA	1.6	1.648	1.478
ATTCGT	0.655	0.986	1.199
CCCTCA	1.32	1.241	1.13
TCTGCA	0.945	0.834	0.847
AGGCCG	1.37	1.992	2.091
CTGATA	1.188	1.37	1.158
ATAACT	0.706	0.84	0.776
TCTTGT	0.821	0.851	0.931
GTACAT	0.768	0.67	0.71
GAGGAA	0.803	0.724	0.72
ACCAGC	0.694	0.677	0.734
CCAAAG	1.051	1.015	1.112
CGTAGC	0.733	0.606	0.869
ATGGCC	0.795	0.912	0.968
TCCGGA	0.948	0.851	0.841
TCGCCA	1.125	0.953	0.898
GCCGGT	0.872	0.803	0.851
ACCCGG	0.706	0.736	0.888
CTATCG	0.969	0.892	0.866
ATGAAG	0.651	0.8	0.864
CTAACA	0.898	0.794	0.838
CCGAAG	1.986	2.126	1.989
ACGAGA	1.176	0.936	0.944
GCAGGT	0.944	0.757	0.796
GCGTGC	0.936	1.267	0.964
ATTTCT	0.596	0.731	0.788
GGCCGG	1.594	1.056	1.301
TCCTTC	0.833	0.852	0.846
AAGGCC	0.772	0.792	0.772
AAGCGC	1.142	0.934	0.921
TGGGCC	1.064	1.045	0.947
CGACGC	2.507	2.297	1.462
ATCCTT	0.683	0.814	0.811
TACATC	0.854	0.846	0.887
AACCGG	2.278	1.205	1.071
GCTTCG	1.197	0.897	0.96
ATCATG	0.568	0.734	0.786
CACAGC	0.886	0.743	0.764
TCAGTA	0.8	0.75	0.716
GGCCCT	1.278	1.253	1.162
AGTCAT	0.674	0.736	0.774
AAAATC	0.694	0.843	0.828
ACGTTA	1.029	0.935	0.879
TTGAGC	0.801	0.834	0.92
GATGCC	0.963	0.853	0.965
TTGCTC	0.976	0.864	0.921
GGGTCA	1.024	0.964	0.862
TGGAGT	0.745	0.846	0.819
CCTATC	1.056	1.098	1.165
CCCAAA	1.546	1.254	1.216
CATATT	0.759	0.755	0.754
GGTAGA	0.975	0.915	0.945
ATGTAT	0.667	0.844	0.898
AGTCAA	0.654	0.666	0.666
ATTAAT	0.523	0.7	0.656
ATTGTG	0.696	0.795	0.791
CCCCGC	1.286	1.014	0.755
ATCGCG	0.731	0.934	0.876
AACGGT	0.794	0.826	0.863
ATCTTT	0.607	0.759	0.802
ACACTT	1.008	0.798	0.713
GCCTCG	1.289	0.968	0.914
TTGAAA	0.754	0.889	0.888
ATCGTA	0.597	0.669	0.634
ACTCCG	1.207	1.311	1.239
TCCACG	1.01	0.807	0.826
TTGAAT	0.703	0.842	0.854
CACAGT	0.854	0.636	0.794
TACGCA	1.009	0.871	0.851
TCAGGA	0.931	0.831	0.837
GTACGA	1.476	1.631	1.59
AGCGTC	0.667	0.735	0.868
CAGATC	0.877	0.859	0.845
AAATTT	0.696	0.808	0.79
GACGTG	0.99	0.822	0.835
GGATCA	1.035	0.973	0.954
GTCGCT	0.723	0.722	0.752
TCTGAT	0.876	0.865	0.923
AATACT	0.675	0.77	0.747
GTTTCC	0.736	0.78	0.722
ATTGTC	0.591	0.726	0.753
ATTCTT	0.692	0.774	0.826
GGTCAC	0.977	0.948	0.98
GCCGAC	0.914	0.772	0.89
TGTCTC	1.036	0.972	0.981
AGGGCG	0.772	0.987	0.951
ACCTGC	1.039	0.898	0.97
TCTCCT	0.906	0.925	0.979
CACTGT	0.996	0.835	0.827
AAATGT	0.74	0.97	0.908
ATCGGA	0.823	0.893	0.935
GGATTA	1.072	0.95	0.96
TGTGTT	0.842	0.853	0.898
CCGGTG	1.765	1.362	1.424
ACTAAA	0.806	0.897	0.828
GTTGGC	0.875	0.862	0.899
CGTCCG	1.079	1.515	1.335
CTCTTG	0.963	0.983	0.996
GGGGAA	0.718	0.713	0.749
CTTCTC	1.102	0.974	0.967
TTCACG	0.956	0.766	0.889
GCACTC	1.132	0.787	0.823
GAACCA	0.968	0.896	0.981
TCGTGT	1.01	0.885	0.816
ACTTGC	1.025	1.11	1.138
GTGGTT	0.937	0.811	0.86
TTCCGA	1.754	1.382	1.168
TGGAGA	1.03	1.011	1.011
GAAACG	1.054	0.883	0.91
CTTTCT	0.853	0.823	0.896
ACGCCG	1.765	1.527	1.291
GCAGGA	1.026	0.865	0.832
AATGTG	0.926	0.914	0.922
AGTAGT	0.533	0.643	0.617
CGGTCT	1.538	1.53	1.469
TCCCGG	1.04	1.033	1.21
CTGGTA	0.93	0.89	0.88
ATCGAG	0.709	0.767	0.765
TACGAA	0.819	0.86	0.916
GCGGTC	0.941	0.986	0.834
GCGCCA	1.041	0.975	0.947
GCACCT	1.036	0.9	0.912
GACCCA	1.162	1.024	1.106
ATCCGG	0.867	0.972	0.887
CGTGAG	1.047	0.932	0.982
CACGCC	0.952	0.865	0.84
ACCGCC	0.718	0.716	0.675
GAGGTT	0.858	0.822	0.834
AAAGTA	0.725	0.726	0.746
AAACTC	0.934	0.899	0.95
CTTGAT	0.824	0.865	0.926
ATTTGT	0.585	0.859	0.9
CAGCAA	1.054	0.746	0.69
GCAATT	0.856	0.818	0.796
GACCGA	1.075	0.972	0.998
GTACTC	1.298	0.945	0.957
TATAAT	0.634	0.796	0.789
CTAAAG	0.782	0.874	0.885
GAGCTA	0.979	0.904	0.915
GAGGCG	1.171	1.124	1.0
CACAAT	0.807	0.78	0.81
CGATCA	1.844	1.675	1.398
AGTGCG	0.756	1.06	0.909
TCGGTG	1.186	0.988	1.018
TACAGG	1.076	0.958	1.038
TCAAAT	0.746	0.81	0.738
TTTACC	0.653	0.736	0.708
GACTTA	0.905	0.9	0.904
CGGCGC	3.657	1.046	1.128
TCTAGG	0.995	0.882	0.894
CTATTG	0.804	0.771	0.865
AGGTCT	0.964	0.931	1.036
CTCGTA	0.912	0.684	0.813
ACACAC	0.837	0.804	0.714
ATGCAG	0.689	0.719	0.755
CGGTTA	1.742	1.44	1.386
ATGTTC	0.625	0.774	0.838
GTCATC	0.664	0.675	0.71
GTTAGT	0.574	0.67	0.719
CCCCAT	1.149	0.986	1.06
ACAAGT	0.871	0.71	0.686
CCGTGG	2.314	2.688	2.616
TGTAGT	0.821	0.916	0.986
GCTACA	1.031	0.902	0.856
CGGGCG	2.134	1.282	1.215
GCGAGG	1.113	1.082	1.003
GACCTT	0.99	0.81	0.879
CGGGTT	1.18	1.152	1.03
GTCCAA	0.643	0.67	0.683
TCACTA	1.039	0.827	0.815
TGCGAT	0.932	0.912	0.994
GATCAA	0.823	0.783	0.799
CACTAT	0.965	0.843	0.97
CGACAG	3.902	2.443	1.951
AGCCGG	0.801	1.041	1.183
TTGACT	0.741	0.864	0.889
ACAAGC	0.877	0.774	0.764
TCATCC	0.824	0.736	0.723
ATAGAT	0.77	0.884	0.843
GACGCT	0.903	0.767	0.825
GCTGAC	0.954	0.839	0.935
CTTTCG	1.146	1.061	0.979
AATAAC	0.628	0.751	0.735
GTGCCG	1.92	2.462	2.264
TATAGC	0.896	0.884	0.932
ACCGAA	0.804	0.759	0.79
GCTCCT	0.938	0.949	0.999
ACGAAG	1.162	0.949	0.932
CTTGTT	0.762	0.871	0.855
AGTATG	0.661	0.778	0.79
AGAAAC	0.772	0.851	0.851
ATATTA	0.62	0.764	0.7
GTCTAT	0.748	0.791	0.845
CATCCG	1.374	1.284	1.227
ACATAT	0.918	0.806	0.693
TATTGG	0.902	0.987	0.934
AACGTC	0.776	0.776	0.826
TATCGG	1.359	1.126	1.006
GTCTGC	0.9	0.95	1.03
ACGCCC	1.526	1.099	1.079
ACGTCC	1.342	0.897	0.874
GACAAA	0.914	0.856	0.875
AGCTTA	0.874	0.736	0.776
TTCACA	0.811	0.784	0.796
CCTTTC	1.112	0.995	1.041
TCCCAT	0.707	0.692	0.674
ATCCTG	0.866	0.95	0.889
CTAATT	0.752	0.846	0.809
GTTCGC	1.068	0.931	1.156
TCCTCA	0.895	0.794	0.783
AAATGG	0.962	1.078	1.018
GTGTCG	1.144	0.885	0.877
CGGTCG	1.376	1.357	1.109
TCCAGC	0.83	0.734	0.805
CATACC	0.806	0.833	0.716
GTCAGC	0.641	0.649	0.752
GGTATA	1.045	1.026	0.951
AATCTA	0.846	0.877	0.848
AGTGCC	0.816	0.832	0.966
AAGAAT	0.704	0.845	0.833
CGCACC	0.866	0.719	0.862
GATTAT	0.885	0.898	0.998
GAGATC	0.917	0.844	0.91
TTTTTC	0.629	0.714	0.737
ACCCGC	0.932	0.533	0.568
CTTATA	0.948	1.08	0.984
CAGGCC	1.019	0.824	0.774
ATCACA	0.67	0.726	0.69
CGGGAG	1.655	1.498	1.252
GTAAAG	0.748	0.711	0.774
AATTCC	0.768	0.858	0.841
AGTGAG	0.812	0.804	0.816
GGTTGG	1.012	1.039	1.053
GTTCAC	0.708	0.77	0.841
AGGAAT	0.984	0.936	1.05
TCAATA	0.954	0.89	0.79
GTAACC	0.864	0.78	0.875
CAATCA	0.766	0.735	0.65
TTAAAG	0.637	0.8	0.816
TACAAT	0.758	0.805	0.855
CATTAT	0.795	0.857	0.847
TTGGTA	0.761	0.673	0.728
CTACGG	1.364	1.738	1.452
ACACAT	0.811	0.69	0.659
GGTCGG	1.304	1.259	1.414
GGCGAA	1.032	0.906	0.936
TATGTT	0.738	0.861	0.862
TGCTTG	1.176	1.008	1.063
AGACCC	0.971	0.998	1.068
GGTCAT	0.902	0.884	0.882
GCACTG	1.281	0.924	0.982
CAGGGA	1.208	0.848	0.828
CTTCTG	1.137	1.187	1.203
GAGGCA	1.005	0.825	0.779
GATAAA	0.935	0.971	0.921
AATATT	0.689	0.856	0.871
CATGAA	0.887	0.853	0.872
AACAAC	0.633	0.706	0.725
CGCCTG	1.424	1.053	0.992
TACGCT	0.888	0.84	0.85
GACGGA	1.184	0.885	1.019
CGCCGA	1.064	1.287	1.4
AATTTG	0.792	0.893	0.877
GACTAC	1.162	1.023	1.19
TATATA	0.829	0.854	0.82
GAAAGG	0.964	0.902	0.87
GTCAGT	0.612	0.602	0.701
CCCACG	2.027	1.25	1.306
TCCAAT	0.722	0.744	0.731
TTAGAC	0.662	0.751	0.779
CTATAC	0.96	0.826	0.906
CACGGA	1.166	0.876	1.071
GTACGC	1.272	0.905	1.057
AATGGA	0.9	0.872	0.923
CTCCTA	0.904	0.914	0.896
AAACGA	1.176	1.392	1.227
TTCGTA	0.815	0.726	0.826
TTGGTC	0.692	0.774	0.862
AGGCAC	1.02	1.148	1.088
AGCCTG	1.11	1.14	1.059
GGAACT	1.212	1.185	1.04
CAAACA	0.873	0.77	0.665
ATTACA	0.601	0.727	0.76
GGCATA	1.174	1.16	1.007
AGGGAC	0.687	0.828	0.878
ACACTC	0.852	0.763	0.54
TCATTT	0.706	0.722	0.686
GAGACT	0.933	0.806	0.846
TTCGCG	0.97	1.096	0.96
GATCAG	0.937	0.779	0.746
GCTGCG	0.994	0.98	1.044
AATGTA	0.786	0.83	0.833
AGTTTG	0.767	0.763	0.872
GGCAAC	1.144	0.987	1.054
TCGTAC	1.13	0.876	0.886
TACTAC	1.032	0.996	1.12
GCGACC	0.926	0.982	0.859
CACCTC	0.959	0.735	0.772
TATATT	0.683	0.806	0.825
AACCAG	0.812	0.723	0.75
CGTGAT	0.895	0.905	0.972
AGCATA	0.707	0.861	0.851
TACCCG	1.358	1.493	1.132
CAGCAC	1.192	0.822	0.75
GGTGCC	0.986	0.88	0.951
CAATGT	0.769	0.76	0.686
GCCCTC	0.909	0.756	0.733
AGTGGC	0.806	0.812	0.902
CGGAGG	1.288	1.317	1.178
CGGGGA	1.16	0.843	0.748
GCGGAG	0.988	0.844	0.79
TGCATC	0.869	1.01	0.95
GTGTAC	1.117	0.892	1.021
CCTCGC	1.973	1.549	1.553
GCTGGG	0.876	0.895	0.968
TTGTGT	0.781	0.96	1.051
CAAGGA	0.952	0.803	0.815
TGGACC	0.917	0.964	0.964
ATAACA	0.736	0.86	0.808
AGCTAT	0.965	0.92	1.03
GCCGAA	0.95	0.868	0.948
CTCGCC	1.258	0.935	1.036
CCCCTA	1.125	0.856	0.997
ACTTAT	0.835	0.812	0.814
CGACCC	2.12	1.854	2.341
GACCCC	1.399	0.992	1.057
TACTTA	0.886	0.854	0.913
AATCGA	1.19	1.366	1.29
GCGGTA	0.951	0.85	0.882
AAGTTA	0.687	0.803	0.838
AAGGAT	0.783	0.839	0.852
TTTCCG	1.287	1.513	1.437
TCCAAG	0.743	0.746	0.764
ACATTC	0.909	0.744	0.756
TCGCTC	1.276	0.83	0.841
ATATCC	0.879	0.941	0.858
CTTCCC	1.132	0.994	1.007
GTGGCG	1.215	1.233	1.107
CGATGC	1.532	1.799	1.447
CCGAAA	2.186	2.446	2.05
CCGTCC	2.018	2.364	2.106
ATTATG	0.553	0.764	0.802
AGGTTC	0.973	1.003	1.065
CGTGTG	0.766	0.856	1.024
GATAGT	0.72	0.756	0.778
CATCTA	0.951	0.776	0.755
CTCCTC	1.185	0.936	0.895
TTGGAT	0.686	0.808	0.864
AAGCGA	0.882	1.144	1.192
CGGAAG	1.872	1.502	1.423
TGCCTG	1.626	1.36	1.405
AGTCCT	1.011	1.001	1.191
CTCGTG	0.976	0.869	0.859
GTGGAC	1.016	0.77	0.85
TTCAAT	0.655	0.711	0.761
CGGCCT	2.69	1.795	2.08
ACGCGT	1.206	1.081	1.107
CAAGAT	0.76	0.756	0.746
GAGGCT	0.946	0.842	0.809
GGTTCC	1.018	0.95	0.95
CGAATC	0.946	1.255	1.157
TCAGTG	0.932	0.767	0.758
GGTTGT	0.915	1.004	0.966
GCCAGT	0.79	0.727	0.75
CTCATA	1.134	1.256	1.064
CTCATC	0.934	0.887	0.836
TCCTGC	1.203	0.802	1.012
TGGGCT	0.901	0.899	0.867
CTTCGC	1.466	1.231	0.964
AGAGTC	0.768	0.828	0.83
CCAAGG	1.299	1.199	1.131
GAGTTA	0.821	0.832	0.866
ACGCTA	1.259	0.939	0.91
GCCATG	0.845	0.828	0.863
TGTCCG	1.375	1.626	1.645
CTTAAC	0.76	0.751	0.754
GATTGC	0.931	0.943	0.868
GTATTG	0.824	0.775	0.819
ACACCG	1.372	1.489	1.376
TGCCGT	1.258	0.961	1.008
GAGCGC	1.402	0.867	0.83
CGATAC	1.74	1.745	1.568
CTAGAC	0.862	0.735	0.82
TATAAG	0.678	0.835	0.842
GACTTC	0.859	0.878	0.881
GTGCGA	1.591	1.296	1.725
CGATTG	1.646	1.553	1.868
AGGGAA	0.773	0.814	0.879
GATCCA	1.189	1.113	1.13
AGACAG	0.952	0.816	0.822
AGGATC	0.89	0.928	1.169
CGACGA	7.531	5.224	4.465
GCGAGA	1.123	1.23	1.088
AACGGC	1.046	0.822	0.856
ATCGAA	0.663	0.729	0.741
TCTCTG	0.985	1.096	1.098
CGCATA	1.196	1.011	0.922
GTGAGG	1.096	0.931	0.864
GAACAA	0.694	0.671	0.668
TTGCAG	0.902	0.779	0.795
ATTGAG	0.702	0.777	0.775
CCCTTA	1.293	1.111	1.047
TATTTA	0.687	0.832	0.844
TTCAGA	0.81	0.876	0.877
CACCGC	1.179	0.84	0.822
CGCGTA	0.754	0.792	0.757
AGGTGC	1.03	1.054	1.317
ATACTA	0.799	0.848	0.839
AGCGCC	0.835	0.72	0.814
CGGATT	1.851	1.527	1.315
AGCGCT	0.659	0.751	0.77
GGAGTC	1.246	0.945	1.034
TCCATG	0.754	0.786	0.797
ATGGGA	0.864	0.911	0.97
GCAGTG	1.004	0.856	0.823
CTTGTC	0.786	0.876	0.901
AGTAAA	0.673	0.829	0.776
TGCCGC	1.672	1.354	1.314
AAGGTG	0.84	0.756	0.826
GTGTGC	1.21	1.116	1.091
TACAGA	0.918	0.97	1.038
ACACTA	0.927	0.773	0.703
GCTGGT	0.862	0.812	0.882
GGCGTT	0.911	0.844	0.874
CGAAAG	1.502	1.71	1.707
CGCATC	1.126	0.97	1.006
GCAGCT	1.041	0.812	0.847
AATCCA	1.017	1.104	1.172
ATGGGT	0.709	0.807	0.878
CTCTCC	0.961	0.871	0.869
GAATTG	0.806	0.882	0.9
CGGCAT	4.043	1.779	1.797
CACTCG	1.12	0.876	0.845
TGGAGC	1.024	1.019	0.961
CGAAAT	2.101	2.27	2.095
CAGGTT	0.907	0.829	0.779
CGCATT	1.214	0.883	0.932
AACTTG	0.781	0.896	0.918
CACGCT	0.902	0.802	0.86
GCACGT	1.002	0.829	0.952
TGTAAT	0.82	0.922	0.95
GCGTCC	0.97	1.115	0.981
AACAAT	0.62	0.711	0.718
TCAGTC	0.699	0.704	0.729
GGGCCA	1.47	1.126	1.165
CAAACC	0.693	0.726	0.673
CATGGA	1.041	0.887	0.918
CTACTC	1.007	1.015	0.898
TCACTT	1.094	0.876	0.84
TCTACA	0.931	0.848	0.845
TCACCT	1.046	0.972	0.89
TGCGGC	0.928	0.898	0.83
CCTGTG	1.574	1.274	1.352
CGACAC	2.158	1.872	1.666
ACCTCC	0.828	0.765	0.744
CTTGCC	0.911	0.838	0.939
GCCGCG	1.15	1.292	1.176
TCGGGT	1.009	0.934	0.839
GATCCG	1.481	1.461	1.409
GGGATT	0.899	1.01	0.934
ATTTTG	0.609	0.764	0.816
TTATCC	0.685	0.768	0.789
AGTATT	0.587	0.666	0.672
GAGATA	0.947	0.921	0.842
ACCATG	0.666	0.698	0.736
TCTGCT	0.749	0.804	0.81
TATCCT	0.908	1.025	1.056
GTTTGT	0.699	0.819	0.884
TTGTCT	0.751	0.8	0.894
AAGCAC	0.719	0.772	0.762
CTGACA	1.526	1.327	1.192
GTTGTC	0.623	0.711	0.697
GACGTC	0.839	0.785	0.87
TGGGGG	0.748	0.792	0.707
AGTTCC	0.813	0.784	0.82
CTATCT	0.874	0.826	0.854
TGTGAC	0.842	0.814	1.034
ACACGA	0.95	1.157	0.967
AGGTCC	1.015	0.948	0.897
TTGGCT	0.78	0.817	0.873
CGGGGG	2.161	0.874	1.144
TACGAT	0.793	0.836	0.86
ACATCG	1.019	0.821	0.755
CAGCCT	1.261	1.076	0.986
TTCAGC	0.8	0.88	0.887
AGAATA	0.778	0.987	0.958
AGGTTG	0.882	0.96	1.014
ATTGCG	0.669	0.899	0.859
CGCACA	1.075	0.895	0.846
GGAACG	1.574	1.079	1.055
AAAGAT	0.844	0.904	0.889
CCAGCT	0.983	0.921	0.992
TGGGAG	0.802	0.817	0.784
TTTGAT	0.748	0.838	0.855
ATAGTG	0.708	0.904	0.858
AACGTG	1.007	0.872	0.841
GGAAGC	1.023	1.0	1.03
GCAAAA	0.848	0.812	0.737
GATGCT	0.882	0.863	0.919
CTGGGT	1.019	0.866	0.869
GGCATG	1.064	0.928	0.963
TTGCTG	0.996	0.95	1.012
ATATCT	0.809	0.952	0.87
TCCCAA	0.706	0.683	0.665
GATCGT	1.003	1.009	1.086
GGAAGA	1.16	1.043	0.998
GTCAAT	0.673	0.682	0.753
ACTATC	0.685	0.754	0.715
GTATGT	0.772	0.675	0.65
TCGATA	1.022	1.106	0.996
TTGCGA	1.36	1.3	1.315
GCGAAT	1.061	1.138	1.02
GTTGGT	0.692	0.765	0.804
CTGCTG	1.433	1.32	1.206
GCGCCC	1.128	1.06	0.893
AAAACG	0.995	0.986	0.968
AGTAAG	0.543	0.685	0.7
GAAGGC	0.948	0.899	0.88
GGCGAG	1.031	0.885	0.878
ACTGTG	0.956	0.846	0.927
AGTGTC	0.673	0.831	0.882
GTCGGA	0.834	0.771	0.84
CTTGGA	1.214	1.029	1.103
CACCAT	0.714	0.644	0.629
ATATCA	0.783	0.935	0.849
TTGTCA	0.819	0.77	0.862
CCTAAA	1.266	1.33	1.304
GAGCTT	1.026	0.907	0.904
GCATGC	0.986	0.849	0.812
GGGAGT	1.092	0.744	0.802
AGGGAT	0.75	0.809	0.961
ATTGGA	0.766	0.885	0.828
CATATA	0.911	0.932	0.811
ATATGC	0.935	1.093	1.014
TACGCC	0.922	0.894	0.875
GCCTCT	0.957	0.844	0.931
CCATCC	1.119	0.969	1.02
AGGGGA	0.618	0.72	0.811
ATAGTT	0.618	0.827	0.833
GTTACT	0.642	0.771	0.811
CCACTC	1.308	0.929	0.947
CTGGGC	1.226	0.931	0.984
GCACTA	0.984	0.766	0.732
CTACTG	1.276	1.158	1.174
CACGAT	0.859	0.753	0.786
CGTACT	0.801	0.774	0.938
ATCCCC	0.763	0.95	0.974
GTCGCG	0.74	0.927	0.934
CTAATC	0.752	0.8	0.788
TTGATT	0.703	0.856	0.895
AGGACT	0.963	0.973	1.11
GGGTCC	1.155	0.966	0.943
CTGCCA	1.308	1.088	1.117
AAGTTT	0.718	0.784	0.814
TGTCTG	1.205	1.179	1.203
TTTGAG	0.828	0.82	0.844
CGGTTG	1.861	1.4	1.448
GATGTC	0.828	0.829	0.917
GTAACG	1.009	0.831	0.806
AGAGCA	0.864	0.779	0.806
TTCGCA	0.853	0.882	0.861
ATTCCT	0.74	1.0	1.172
TTGTTA	0.679	0.765	0.769
CGAGGC	1.78	1.38	1.278
TGTGCT	0.851	0.827	0.849
AAGGCG	0.867	0.992	0.876
CTAAAT	0.761	0.821	0.798
GGACCG	1.898	2.464	2.188
ATCCGT	0.652	0.839	0.831
GACAGT	0.803	0.759	0.788
ATTCAC	0.619	0.751	0.842
CGCCAA	1.251	0.97	0.929
GAGGGC	0.858	0.682	0.676
CATTGT	0.828	0.754	0.726
TTGGGG	0.804	0.826	0.891
CTGCGA	2.228	2.734	2.206
GCGTCG	1.198	1.092	0.879
TTTGCA	0.88	0.833	0.825
GAGAAC	0.892	0.849	0.854
TTTCGC	1.245	1.275	1.184
CTCCTT	1.115	0.95	1.045
ATCGAT	0.586	0.705	0.753
TTTGTG	0.835	0.819	0.818
GTGCCT	1.487	1.095	1.247
CCTTCC	1.36	1.204	1.223
CTGCTC	1.3	0.894	0.949
TTATCG	0.933	0.91	0.817
CGGAAA	1.701	1.5	1.548
GCGCAC	0.956	0.945	0.896
AGCAAG	0.659	0.748	0.782
TCGGAT	1.084	0.984	1.009
ACGCAT	1.137	0.875	0.851
AGTGAA	0.693	0.729	0.748
CAAGTC	0.67	0.709	0.769
GATGTA	0.851	0.838	0.847
CCGGGA	1.884	1.715	1.592
AATCGT	0.982	1.062	1.14
CGCTCA	1.056	0.814	0.837
GGTACC	1.043	1.04	1.014
CTTACA	0.902	0.88	0.868
TATGCT	0.8	0.854	0.932
CGACCG	2.362	8.749	7.108
CCCCAC	1.247	0.832	0.976
ACGAGG	1.156	0.954	0.917
ATAGCC	0.888	0.887	0.824
CCACGA	1.743	1.732	1.49
AGAAGA	0.778	0.904	0.879
AGATTA	0.684	0.826	0.795
CACTCA	0.968	0.804	0.777
CGGCTC	3.999	1.459	1.998
GCTTGG	1.048	0.979	0.936
TGTTAC	1.084	1.189	1.171
TCGAAA	1.0	1.003	0.91
AGATGT	0.804	0.869	0.944
TCCCGC	0.864	0.853	0.706
ACACGC	1.159	0.752	0.886
GCTGTG	1.02	0.88	0.91
GGACTG	1.429	1.24	1.102
AACAGG	1.004	1.068	1.095
TCCCCC	1.15	0.889	0.924
TCTTCT	0.762	0.754	0.756
AAGAAC	0.734	0.819	0.838
GACGGT	1.0	0.868	0.897
TTCACT	0.674	0.73	0.791
GGGAAT	0.976	0.886	0.899
CCTAGC	1.584	1.392	1.456
GTACTT	1.146	0.896	0.964
CAGTCA	1.069	0.923	0.817
AGAGGT	0.783	0.792	0.802
TGGTTA	0.949	0.943	0.885
CTTGCG	0.931	1.082	1.252
TTACCC	1.037	0.928	0.918
TCGTGG	1.127	0.951	0.895
ATTGAA	0.66	0.774	0.78
CTGCGG	1.122	1.638	1.321
TGCTGC	1.618	1.052	1.097
ACAAAG	0.804	0.734	0.718
GTAATG	0.789	0.798	0.754
TTTCGG	1.793	1.507	1.522
ATAATA	0.641	0.851	0.753
TGCGGA	1.134	0.954	0.901
ACTCTG	0.977	0.901	0.897
TTGCAA	0.797	0.733	0.77
AGTGTA	0.713	0.679	0.742
CCAGAT	1.252	1.15	1.256
CGCTGG	1.34	1.039	0.939
TTCCTT	0.85	0.851	0.901
AGCACC	0.642	0.645	0.726
AACCCT	1.115	1.107	1.174
GCCGGA	0.969	0.854	0.87
TGGCCC	1.756	1.3	1.102
GCTCGC	1.042	0.913	0.912
AGCAAT	0.687	0.756	0.802
TTGTAT	0.737	0.862	0.918
CCCGGG	1.856	1.635	1.425
ACTTCT	0.762	0.788	0.793
TCATCG	0.989	0.832	0.764
CCTTCT	1.285	1.203	1.269
GGTAGC	0.885	0.9	0.912
TCTTTG	0.8	0.868	0.911
GCTTTT	0.796	0.765	0.789
GCTACG	1.216	0.982	0.958
CCAATG	1.011	1.008	1.103
CCCATC	1.106	0.868	0.904
ACCATT	0.629	0.731	0.71
GAAGCT	0.856	0.819	0.845
AAATCT	0.805	0.964	0.928
ATAAGA	0.733	0.897	0.818
GACTGT	0.873	0.845	0.884
AAGGAG	0.858	0.923	0.924
GTGGAA	0.967	0.825	0.789
TTTCTC	1.118	0.946	0.91
CCAATC	0.932	0.93	0.963
CCTAAC	1.374	1.354	1.488
CTAATA	0.827	0.998	0.918
CGCAGC	1.02	0.858	0.873
TGTAGA	0.961	1.103	1.093
GGGTTA	0.948	0.874	0.846
GCTTAC	0.976	0.904	0.962
ACAGCG	1.319	1.11	1.038
GGTTTA	0.823	0.83	0.797
CCTTTG	1.232	1.128	1.271
GCTCAG	0.895	0.702	0.682
CACGGC	0.982	0.984	0.867
GTCGCA	0.784	0.714	0.7
ATCGTC	0.588	0.714	0.746
TGCCCC	1.287	0.869	1.075
GGTACA	1.134	1.019	0.931
CTAGGG	1.182	1.081	0.973
GCCCTA	0.936	0.765	0.803
GCTTCT	0.846	0.822	0.846
ACACGT	0.796	0.798	0.8
GCTCTT	0.845	0.793	0.77
AACTCG	1.042	0.948	0.907
GAGTTG	0.912	0.878	0.872
GCAAAG	0.809	0.72	0.729
AGTAGC	0.762	0.677	0.748
AAGACT	0.748	0.849	0.84
TCAGGT	0.714	0.719	0.679
CATTGG	1.017	0.883	0.885
GCGCCT	1.246	1.304	1.19
GATACC	0.831	0.849	0.854
TGGGGC	0.956	0.876	0.908
CTGACC	1.092	0.993	0.914
AGCGAT	0.792	0.811	0.882
AATGGG	0.936	0.909	0.877
CACGTG	0.92	0.95	0.86
TTACAT	0.657	0.8	0.732
GTGGGG	0.888	0.774	0.789
GGCACG	1.49	0.996	1.11
AGCGGA	0.874	0.808	0.826
CGTGCA	0.738	0.804	0.823
TTTCTT	0.843	0.832	0.818
CTGCCC	1.427	1.178	1.066
CGCAGT	1.018	0.891	0.866
GCTGCC	0.879	0.812	0.869
GGGGAT	0.725	0.657	0.758
AAATTA	0.686	0.831	0.786
CCCTAC	2.006	1.455	1.346
CGAGAA	1.979	1.689	1.589
GTCTCT	0.69	0.777	0.807
AAACAT	0.8	0.93	0.876
TCAACA	0.913	0.773	0.655
AGCTGG	0.95	1.024	0.952
CACGTT	0.794	0.792	0.84
ACGGAT	1.084	0.97	0.979
CTGGCC	1.123	0.878	0.851
GGAGAC	1.166	0.938	0.988
ATCCCT	0.758	0.923	0.97
GCACCA	0.917	0.765	0.784
CATGCC	0.848	0.682	0.774
ATCTTG	0.651	0.779	0.832
GGCAAA	1.034	0.972	0.948
GCTCTG	0.994	0.902	0.949
ATTTAT	0.654	0.843	0.904
AGTGTG	0.772	0.774	0.861
CTTCCA	0.999	0.902	0.952
CCTGGA	1.847	1.746	1.74
GGTACG	1.365	1.005	1.08
ATCGTT	0.538	0.701	0.74
TACTTT	0.859	0.971	0.965
GGTTAT	0.906	0.979	0.996
GAAGCA	0.902	0.792	0.807
CCTTAC	1.348	1.207	1.329
AAAGGT	0.899	0.971	0.926
CCCTCC	1.457	1.14	1.133
AGGTTA	0.731	0.896	0.86
ACTCGC	0.875	0.98	0.995
CGATTC	1.261	1.17	1.344
GATTGT	0.887	0.944	0.879
GTCCGG	0.53	0.929	0.863
AAACGG	1.154	1.279	1.241
GGTGCA	1.037	0.942	0.926
CATAAA	0.866	0.968	0.962
AGGTAC	1.089	1.052	1.177
TGGTGG	0.956	1.016	0.956
TTATCT	0.737	0.792	0.798
ACAGGG	1.004	0.941	0.879
ATGACA	0.72	0.759	0.806
ATCATT	0.545	0.642	0.674
CGATTA	1.284	1.291	1.252
GTACAA	0.775	0.712	0.703
ACTCAT	0.724	0.72	0.7
CGGAGC	1.959	1.479	1.252
GACACA	0.98	0.848	0.849
GCCCAA	0.682	0.628	0.676
GAGCGG	1.442	1.203	0.954
AGGGGC	0.904	0.952	0.964
ACGTTG	1.022	0.938	0.997
TCGTCG	1.194	0.904	0.804
CAGGAA	0.993	0.874	0.881
TTAGTC	0.597	0.735	0.741
GAGCGA	1.636	1.653	1.816
CTGACG	1.516	1.355	1.38
TATACT	0.72	0.837	0.848
GTAGCT	0.91	0.768	0.76
TCTCAG	0.891	0.76	0.776
TCGTGC	1.239	1.053	0.983
AACTCC	0.771	0.821	0.865
AGGATG	0.78	0.999	1.143
GTCGGC	0.919	0.9	0.879
ATGTTA	0.527	0.722	0.74
TATTTT	0.671	0.828	0.856
CCCCGG	2.39	1.336	1.74
GCCAAC	0.882	0.817	0.882
CTCTAT	0.894	0.947	0.92
GGACTC	1.57	1.086	1.078
TCCCCA	0.789	0.788	0.875
TTAATA	0.731	0.852	0.816
GAACGC	1.185	0.846	0.831
TTTTGG	0.83	1.022	0.967
TTAGGG	0.907	0.943	0.832
AGATAT	0.786	0.887	0.884
TTAGTT	0.544	0.706	0.725
ATCTCC	0.661	0.734	0.798
GTGTTA	0.832	0.808	0.815
CAACGC	1.136	0.905	0.856
AATCAG	0.792	0.788	0.714
GGCGGG	1.096	1.077	0.988
CTGGAT	0.921	0.873	0.9
TTGACA	0.929	0.838	0.87
CGTATC	0.761	0.906	0.926
TGGGAA	0.835	0.858	0.817
ATCATC	0.575	0.705	0.691
GCCGTC	0.778	0.752	0.817
ACTAGC	0.766	0.693	0.739
GTAGGT	0.758	0.758	0.712
AGGGAG	0.721	0.712	0.651
GAGGTG	1.07	0.861	0.844
ATTATT	0.536	0.691	0.695
TATGTG	0.894	0.924	0.92
TCACCA	0.938	0.844	0.832
CAATCT	0.794	0.77	0.736
TGTCCC	1.202	1.014	0.928
AAGCTA	0.787	0.855	0.824
CATGTA	0.886	0.803	0.861
TTCTCT	0.724	0.781	0.83
ACGCGG	1.713	1.002	0.978
TGTCGG	1.784	1.015	1.097
AAGTGT	0.684	0.761	0.741
GACTCA	0.92	0.782	0.782
AGAACA	0.827	0.799	0.837
AAACCC	1.106	1.108	1.126
GTAGCG	1.095	1.361	1.171
TATGGT	0.802	0.905	0.952
AATTAC	0.853	1.005	1.106
AAACAA	0.752	0.833	0.741
TCGGGC	1.099	0.988	0.882
TATAAC	0.669	0.843	0.864
ATAGAA	0.803	0.861	0.8
GCAAGC	0.93	0.748	0.776
CGCTGT	1.404	0.971	1.161
TTTAAA	0.82	0.92	0.824
AAGGCT	0.756	0.804	0.823
GTGAAA	1.019	1.054	0.976
ATACAC	0.8	0.926	0.884
AGCTAC	1.098	0.979	1.134
GCATCT	0.908	0.792	0.751
TCCAGA	0.877	0.856	0.894
CCTAAG	1.318	1.183	1.349
GCAAGT	0.917	0.774	0.809
GTGAGA	0.992	0.904	0.846
CCTATG	1.293	1.236	1.247
CTTTCA	0.848	0.844	0.82
CCCGTG	1.711	1.184	1.209
GCTTTG	0.84	0.801	0.838
CTGGAG	1.062	0.944	0.922
TGCAGG	1.324	1.116	1.173
CGCCCA	1.134	0.882	1.021
ACCGCA	0.821	0.685	0.767
CCGAGC	2.155	2.212	2.111
GTGGCC	1.004	0.8	0.839
GATTCG	1.03	0.985	0.897
TTACGA	1.012	1.274	1.342
CCTTGG	1.717	1.487	1.458
GGTTTG	0.896	0.858	0.944
CGACCA	2.114	1.672	1.435
TATGTA	0.789	0.864	0.829
CGAACC	1.371	1.264	1.223
ATTTTT	0.555	0.728	0.74
GTCGTA	0.654	0.65	0.668
ATTTCG	0.811	0.826	0.869
AGGTCG	1.216	1.064	1.191
AGCGAA	0.774	0.744	0.758
GTCGTC	0.652	0.718	0.757
TATGGG	0.931	0.977	0.995
CATCGC	1.381	0.943	0.96
AATGAT	0.791	0.855	0.87
ACGTAC	1.278	0.942	1.003
AGTTCA	0.882	0.858	0.855
TCGCCT	1.116	1.062	0.947
GCGTCA	0.972	0.964	0.852
CCTTGT	1.14	1.158	1.172
AAACCA	0.93	1.079	1.015
ATCGGT	0.692	0.851	0.872
CTCGCG	1.472	2.649	2.362
ATAATT	0.632	0.788	0.762
TATCCA	0.918	0.957	0.953
TACCAG	0.948	0.856	0.844
CACACG	0.966	0.842	0.762
GTTATT	0.602	0.697	0.72
TACCCA	0.986	0.856	0.929
ACCCTG	0.834	0.772	0.762
TCACTC	1.32	0.812	0.85
CTTTTG	0.845	0.864	0.878
GAGTGT	0.758	0.778	0.801
TATTAC	0.857	0.964	1.006
GCCAAA	0.878	0.87	0.865
CTGCCT	1.554	1.292	1.249
TCGAAG	0.931	0.901	0.849
TGCAGT	1.105	1.108	0.989
CCAGAC	1.416	1.221	1.226
AATTGT	0.698	0.929	0.849
TGGAAA	0.979	1.06	0.994
GGTCCA	1.096	1.144	1.193
TTGGTG	0.872	0.8	0.85
ACGGTA	1.127	0.935	0.856
GCTATG	0.828	0.864	0.875
GTATCC	0.9	0.81	0.813
GTAGGG	0.913	0.851	0.862
GTCTCC	0.713	0.748	0.736
ACGAGC	1.24	1.141	1.032
ATTGCC	0.626	0.742	0.764
ATACAT	0.802	0.92	0.881
ACGTAT	1.188	1.0	1.021
CAAGCG	1.05	0.907	0.875
TCCAGT	0.774	0.727	0.729
AGACGT	0.833	0.934	0.903
GCAATC	0.919	0.815	0.748
ACTCGA	1.06	1.456	1.32
CTCGAA	1.015	0.986	1.024
GACAAG	0.899	0.795	0.836
TCCGAT	0.769	0.764	0.802
ATTACC	0.562	0.69	0.726
GTAAAC	0.918	0.902	0.897
GATCTA	0.941	0.872	0.812
CAGTAT	0.928	0.91	0.97
CCCGGC	1.73	1.362	1.371
GTTACG	0.833	0.898	0.955
CGGAGA	1.345	1.418	1.539
TCTTCA	0.832	0.745	0.768
GAGTTC	0.946	0.847	0.956
CTCGAT	0.958	1.04	1.022
TCGCCC	1.469	1.09	0.981
GTGATG	0.984	0.905	1.0
TTTATC	0.672	0.752	0.747
GCATGG	0.956	0.892	0.842
GAAGGA	0.888	0.801	0.788
GGGCCG	1.978	2.239	2.196
CAACAG	0.982	0.728	0.691
CGAATT	1.139	1.203	1.323
GGTATT	0.837	0.855	0.912
TCAAAA	0.792	0.854	0.799
ACTCAC	0.821	0.815	0.777
AGCGGC	0.825	0.83	0.852
TATTTC	0.721	0.845	0.867
CCTACC	1.361	1.346	1.351
GGGAAA	1.045	1.034	0.945
ATCAGT	0.562	0.664	0.75
GGGTTG	0.974	0.916	0.957
ATTCTA	0.627	0.758	0.729
GTTATC	0.603	0.702	0.726
GTCACA	0.775	0.763	0.758
AGCCAT	0.655	0.704	0.854
CGCGGC	1.122	0.809	0.951
GGCAGA	1.162	0.995	1.026
TTGGCG	0.933	0.971	1.038
AAGTCC	0.804	0.894	0.904
ATAAGC	0.719	0.859	0.823
AATTTT	0.722	0.814	0.809
CAGGAC	1.012	0.803	0.809
CGAGTA	0.943	0.98	0.977
AGATTC	0.77	0.852	0.862
ATACCG	1.176	2.171	1.828
CGCAAT	1.002	0.978	0.915
GATTTG	0.9	0.889	0.879
ACTGCA	0.88	0.813	0.858
ACTTAC	0.929	0.886	0.871
CGGCAA	3.47	1.95	1.425
GTACGG	0.948	1.184	1.058
GCTGCT	0.873	0.836	0.904
CGCGTC	1.09	0.729	0.865
CGTAAG	0.752	0.974	0.937
CCTATT	1.134	1.131	1.129
GCCCAG	0.961	0.714	0.725
CCGATT	1.571	1.483	1.274
CCCCGA	3.706	2.056	2.31
AATCCG	1.38	1.48	1.391
CTTGAG	0.951	0.896	0.912
TCGCGT	1.117	0.991	0.932
TTATGT	0.622	0.812	0.828
CGCCTT	1.187	0.987	0.995
AGCAGT	0.676	0.766	0.822
GGACGA	1.722	1.438	1.508
GAAGCG	0.931	0.983	0.994
AGCTCC	0.834	0.758	0.785
AAGTAT	0.746	0.815	0.801
GTTTTG	0.669	0.764	0.83
GGCGGA	1.294	1.124	1.043
GTAGAT	0.834	0.752	0.752
CCGCCA	2.124	2.564	2.147
CTTATC	0.762	0.795	0.771
GTGCCC	1.397	1.064	1.128
TCTAGT	0.745	0.73	0.674
GCCGTA	0.838	0.676	0.786
TTCCAT	0.611	0.727	0.74
CCGTAC	1.676	2.257	2.134
AAATCC	0.835	0.93	0.912
ACGATG	1.059	0.942	0.966
ACAGCA	1.141	0.834	0.863
CTTCAG	1.038	0.869	0.934
TTGGAC	0.746	0.786	0.871
GACGAG	0.878	0.726	0.763
TTGCCG	1.49	1.852	1.868
ATTTTC	0.591	0.719	0.749
CCATTC	0.929	0.892	0.972
GCAACT	0.932	0.754	0.753
AATTTA	0.702	0.84	0.812
TTATTA	0.606	0.736	0.72
ATTATA	0.612	0.809	0.716
TTCGCC	0.721	0.877	0.872
ATTTCA	0.652	0.751	0.702
TGTCCT	1.089	1.132	1.199
TGGCGT	1.756	1.3	0.956
ATTGCT	0.604	0.722	0.77
TACCGG	1.144	1.163	0.897
AATCTT	0.851	0.859	0.809
CCAAGC	1.058	1.012	1.108
GAAAAT	0.796	0.82	0.841
CACCTG	1.244	0.908	1.055
TTCGTG	1.011	0.893	0.912
CTAGAA	0.835	0.752	0.802
CCGTCA	1.846	2.586	2.224
AAAGCG	0.906	1.058	0.94
GTACTG	1.345	1.224	1.185
ACACCA	1.023	0.838	0.822
CCTATA	1.385	1.333	1.218
GGGATC	0.891	0.87	0.9
GGACGT	1.187	0.993	0.994
ACCAAT	0.655	0.743	0.739
CACGCA	0.931	0.865	0.771
TTGGAA	0.764	0.78	0.817
CAAGTT	0.72	0.766	0.748
TACCGA	1.234	1.066	0.957
TCAATT	0.641	0.761	0.742
ATCCCG	0.948	1.332	1.188
TACACG	1.113	0.827	0.806
GATCTT	0.924	0.848	0.878
TTCTGC	0.921	0.83	0.974
TCTTAT	0.752	0.882	0.813
ACCTCG	0.928	0.806	0.87
CTTTTC	0.777	0.812	0.809
AGGGCA	0.794	0.827	0.795
CTGACT	1.193	1.124	1.032
TCAAGC	0.806	0.752	0.723
CGTGGT	0.842	0.856	0.93
CTTGCA	0.973	0.905	0.9
GGTCGA	1.973	1.444	1.632
AGTCGG	0.87	0.952	0.89
TATATG	0.7	0.878	0.9
TTCGGT	0.798	0.844	0.831
AATCAC	0.884	0.764	0.777
TCACGT	0.941	0.925	0.892
GGGGCG	1.207	1.264	1.039
AAGCAT	0.643	0.729	0.732
CGATCC	1.359	2.156	1.342
TGTTTA	0.816	0.919	0.841
AGGGTT	0.744	0.818	0.924
TTTTGC	0.942	0.973	1.018
CTGGTC	0.953	0.905	0.924
CGCATG	1.2	1.086	0.817
GTTCCA	0.835	0.835	0.876
GCTGGA	1.02	0.954	0.885
CTAGCC	0.832	0.815	0.741
GCCGAT	0.871	0.85	0.932
GTGACT	1.191	1.013	0.925
GTCCTA	0.818	0.867	0.908
GCTGAT	0.896	0.86	0.93
TGTAAC	0.789	0.961	0.988
GAGTGG	0.96	0.903	0.874
ATACGT	0.787	1.062	1.112
CTCACG	1.031	1.025	1.072
TCGTAT	0.991	0.908	0.851
TCAGAG	0.921	0.721	0.715
TCTACG	1.122	0.894	0.898
TTGCGC	1.27	1.133	1.174
AGGTTT	0.877	0.879	0.931
GGAGAA	1.042	0.906	0.976
GACATT	0.787	0.748	0.821
ATACCT	0.971	1.227	1.212
TACGTC	0.853	0.791	0.899
GAAGTA	0.826	0.703	0.741
AAGGGG	0.886	0.964	0.916
TCAATG	0.685	0.765	0.77
AAAGTT	0.706	0.849	0.835
TGCACT	0.996	0.748	0.886
CATCAC	0.806	0.673	0.707
GCTGAA	0.865	0.876	0.905
GCGCCG	1.67	3.29	2.862
GGCGCA	1.11	0.942	0.945
CTCGGT	1.116	0.99	0.985
TGCGTG	1.035	0.92	0.871
CAAAAG	0.713	0.743	0.734
CTGGCT	1.08	0.858	0.864
GTTCGG	0.84	1.285	1.322
TGTGGT	0.864	0.866	0.962
GCCCGT	0.702	0.71	0.787
CTTAAA	0.861	0.97	0.954
AGATCT	0.837	0.932	0.959
TACATA	0.914	0.901	0.937
TCCTCG	1.206	0.9	0.891
AGTGCT	0.682	0.814	0.86
CAGTAC	1.141	0.961	0.99
CTTTAC	0.943	0.854	0.905
TCACAG	1.147	0.844	0.731
AATCTC	1.016	0.87	0.885
GGATGG	1.326	1.217	1.08
GAAGAT	0.758	0.764	0.801
CAGTCT	0.979	0.905	0.867
ATGGTT	0.616	0.86	0.876
TGGCAC	1.565	1.147	0.976
CGTTTA	0.75	0.795	0.877
CGCGGA	1.32	0.87	1.223
ACGTCG	1.398	0.902	0.862
TCACTG	1.311	0.949	0.927
GGTGTT	0.874	0.88	0.945
AAAGCT	0.861	0.969	0.86
TCCTCC	0.921	0.867	0.83
TGTGCC	1.062	0.932	0.965
ATCGCA	0.776	0.725	0.758
TACTCT	0.927	0.95	1.054
TCTTGG	1.126	1.134	1.018
GTCATA	0.729	0.92	0.832
GGTGGG	1.137	0.992	1.01
ACTTTC	0.804	0.825	0.805
TTAAAC	0.617	0.736	0.716
TGTCAT	0.836	0.778	0.814
AACAAA	0.679	0.824	0.833
CAATAC	0.844	0.81	0.848
GACTTG	0.981	0.913	0.962
CCTTCA	1.295	1.175	1.138
GTACGT	0.88	0.879	0.786
CAGATA	1.098	0.991	0.936
TCGTCT	1.01	0.843	0.776
CCTCCG	2.157	2.472	2.516
CTTCGT	1.058	1.042	1.001
CCCGGT	1.427	1.298	1.496
GGATGT	1.056	1.046	1.025
TCTGGC	0.941	0.89	0.886
CTTAGA	0.846	0.93	0.895
ATCTCG	0.791	0.766	0.821
ACCAGT	0.699	0.664	0.706
GGCTGC	1.282	1.11	1.003
CATAGG	0.9	0.905	0.89
GGGCAC	1.263	0.888	0.885
TGGATC	0.917	0.972	1.043
CCGGCT	1.554	1.496	1.3
TACCAA	0.835	0.788	0.792
CTGCAT	1.035	0.986	0.904
GGTCTG	1.229	1.125	1.14
AGCAAC	0.663	0.721	0.85
GCCACG	1.201	0.872	0.878
CGAGGA	1.712	1.247	1.103
ATCCAT	0.509	0.667	0.699
GTATCT	0.87	0.783	0.818
CCGATC	1.31	1.402	1.048
GTGGCT	1.163	0.914	0.904
AACTTT	0.778	0.859	0.86
ATGGTA	0.691	0.75	0.894
AACGAT	0.777	0.793	0.829
GACTCT	0.888	0.82	0.862
CTCCCT	1.054	1.096	1.061
ATCTTC	0.635	0.736	0.806
GGGGTA	1.038	0.787	0.838
TTCGTT	0.683	0.781	0.838
GGGAAC	1.068	0.971	0.99
GCTGTC	0.835	0.814	0.904
TCGATC	0.907	0.816	0.745
GTTGGA	0.763	0.767	0.802
AGCGTG	0.835	0.758	0.854
CTAAGT	0.9	0.907	0.886
AAAAAC	0.79	0.935	0.875
GAGTCA	0.986	0.862	0.882
GAGAGA	0.914	0.814	0.798
GCAACC	0.843	0.708	0.724
TCCGGC	0.954	0.92	0.808
ACCTTC	0.813	0.783	0.804
CTCAGA	1.016	1.005	1.073
GCCGAG	1.02	0.792	0.912
TGGCTT	1.302	0.969	0.928
CGTACA	0.808	0.84	0.956
AGTGAT	0.693	0.782	0.866
AGTCAC	0.833	0.821	0.921
CGACGT	3.209	2.637	2.178
GCCTGT	0.874	0.826	0.816
TCTTTT	0.729	0.805	0.768
TTTAAG	0.669	0.829	0.774
ACAACG	1.076	0.802	0.782
CGAATA	3.289	3.025	2.226
TTCGAA	0.8	0.814	0.881
CGTTAT	0.963	0.931	1.05
CTTGGT	0.961	0.915	0.903
ACACAG	0.941	0.796	0.696
CAACTA	0.87	0.77	0.734
GGGGAC	0.869	0.833	0.738
GGTGAG	1.069	0.933	0.972
CGGCAC	4.435	3.054	2.345
GGCTAT	1.112	1.014	1.066
ACGGAC	1.298	0.922	0.986
GCATCA	0.932	0.744	0.73
TATCTG	1.005	1.062	0.962
TCGGTT	0.907	0.984	0.959
CTGCAA	0.998	0.851	0.808
TCCACT	0.77	0.723	0.726
CTGAAT	1.088	1.213	1.094
CCACAT	1.174	0.988	1.015
GTGATT	0.873	0.803	0.871
GTGAGT	0.886	0.779	0.872
ATACAA	0.749	0.894	0.842
AGGAGG	0.808	0.93	0.934
CGTTCA	0.848	0.932	0.846
GCATAT	0.924	0.792	0.79
TAAGGC	nan	10.858	8.911
TGCAAC	1.138	1.004	1.068
TATACC	0.728	0.894	0.822
TGTCGC	0.856	1.028	0.968
TCAACC	0.696	0.728	0.639
GCTAAT	0.742	0.778	0.832
AATAGC	0.804	0.807	0.812
CAGCGC	1.4	0.956	0.88
GTTTAC	0.782	0.804	0.876
AAACGT	0.877	1.09	0.992
TACCGC	1.155	1.025	0.982
GCCTAT	0.992	0.94	0.974
GAGAAG	0.804	0.718	0.72
CCATTT	0.916	0.943	0.931
GACGGC	1.184	0.906	0.944
CTACTT	1.031	0.981	0.983
ACCGAG	0.882	0.728	0.716
CCCGCG	1.883	1.783	1.642
CCCCAA	1.186	0.927	0.897
CACAAG	0.845	0.843	0.874
AATACG	0.92	0.897	0.84
GCGGGT	0.975	0.835	0.791
GGGGGT	0.766	0.79	0.799
TCGACA	1.186	0.845	0.775
GACAGC	0.875	0.705	0.818
AATCAA	0.704	0.736	0.728
ATGTAC	0.791	0.822	0.926
GTCATT	0.61	0.671	0.716
AGTCGT	0.812	0.996	1.002
GTCCCG	1.477	1.992	1.732
ACTAAC	0.745	0.789	0.78
TCTCTC	1.094	0.929	0.914
CGCGTG	0.76	0.802	0.86
AGCCGA	0.953	0.83	1.128
GGCGTG	1.079	0.841	0.88
GGGGCA	1.102	0.774	0.876
GAATCC	0.843	0.845	0.868
GTGAAT	0.988	0.904	0.924
GGGGGC	1.052	0.754	0.792
CTAGTT	0.728	0.762	0.781
AAAGGA	1.023	0.958	0.974
GTATTT	0.739	0.777	0.752
GTTCAG	0.69	0.672	0.741
CAACGT	0.891	0.773	0.744
CCCACA	1.578	1.072	1.192
CCAGGG	1.57	1.466	1.494
CCGTAT	1.534	2.307	1.919
CGCGTT	0.827	0.849	0.828
GGCACA	1.398	1.075	0.999
GCGGCG	1.06	2.041	1.431
CGTCGC	1.213	0.99	0.996
CAACCG	1.415	1.71	1.622
TTGAGA	0.808	0.895	0.917
GATAAT	0.778	0.817	0.821
ACAGAT	1.014	0.844	0.835
CACCGG	0.858	0.905	0.968
CCAGGT	1.299	1.252	1.374
GTCCTC	0.986	0.903	0.926
ACCACC	0.635	0.657	0.676
ATCACT	0.558	0.655	0.718
AAGCTT	0.844	0.831	0.853
GTCTGT	0.638	0.749	0.81
GCAAAT	0.916	0.775	0.811
AAAACT	0.779	0.904	0.87
CTACCC	1.24	1.1	1.105
CCATGT	0.961	1.136	1.03
TCTACC	0.732	0.729	0.746
TTATTG	0.687	0.816	0.834
GGCACC	1.142	0.951	0.922
ACTGGT	0.768	0.81	0.812
TATCCC	1.018	0.924	0.988
CCGGCG	1.805	2.546	2.117
GGGACC	1.33	1.049	1.115
GGTAAC	0.862	0.861	0.905
AAGGTA	0.696	0.723	0.714
AGAAAG	0.736	0.82	0.839
CCGAAC	1.85	2.085	1.859
CCGGAC	1.676	1.342	1.474
CACAGA	0.941	0.907	0.884
CGTTGC	1.206	1.029	1.128
CTGTTA	0.927	0.881	0.837
TGGATG	0.926	0.993	0.996
TTTATG	0.749	0.871	0.89
GATCGC	1.283	0.988	0.983
CACACA	0.858	0.766	0.745
GTTGAC	0.72	0.748	0.835
GGATCG	1.601	1.266	1.222
CGGTCA	1.333	1.147	1.229
CGGCTA	2.509	1.405	1.519
AAACTA	0.831	0.899	0.901
CTAGGT	0.86	0.858	0.862
GACCGG	1.187	0.985	0.932
CCGGCC	1.218	1.183	1.085
TCGGGG	0.923	1.031	0.945
CTTTGT	0.724	0.766	0.825
AGCACG	0.836	0.724	0.909
AATGAA	0.796	0.923	0.96
GCCAGA	0.912	0.788	0.855
AAACCT	1.031	1.297	1.229
GTTCAT	0.665	0.721	0.743
TACGGT	0.884	0.867	0.916
CATGAG	0.955	0.932	0.934
GTGAAC	1.04	0.924	0.9
ACCACG	0.914	0.825	0.774
TACCAT	0.81	0.764	0.8
GAAATT	0.734	0.832	0.864
ATCACC	0.527	0.661	0.672
GCCCGG	0.792	0.842	0.931
CGGACG	1.955	1.432	1.624
GCGCTT	1.102	0.766	0.835
TCACAA	0.967	0.751	0.696
CGCCAT	0.952	0.866	0.778
GCTTCC	0.856	0.79	0.819
GTGATC	0.988	0.872	0.935
GCAATG	0.851	0.795	0.841
TTATAC	0.819	0.862	0.882
ATAACG	0.76	0.966	0.864
AGCTGC	1.084	0.88	0.937
CAGCGA	2.11	1.575	1.469
TGTGCA	0.928	0.753	0.83
CTATCC	0.864	0.75	0.828
TTTTGT	0.659	0.9	0.892
GACATG	0.744	0.759	0.777
GAGTAC	1.043	0.886	0.968
ATTCGC	0.862	1.098	1.097
TGTATT	0.746	0.915	0.93
CGCTAC	1.508	1.136	1.038
CCCTTG	1.445	1.231	1.286
CCTGGC	1.547	1.698	1.683
CATTGC	0.914	0.824	0.702
GGCCCC	1.381	1.098	1.172
TCTGTC	0.759	0.784	0.815
ATCTCT	0.593	0.703	0.776
AGCCTA	0.961	0.879	1.148
TACAAC	0.806	0.877	0.914
CGATGT	2.036	2.04	2.307
GGATCT	1.128	0.94	0.948
ACTACC	0.702	0.738	0.714
GTCACT	0.718	0.768	0.802
AGCTCT	0.777	0.726	0.784
GACCCT	1.282	1.024	1.114
CTCCGC	0.978	1.168	1.047
GAAAAC	0.825	0.863	0.86
TGTGTA	0.853	0.887	0.864
CCGCTC	1.817	1.393	1.294
CGCTTG	1.432	0.946	0.918
GACTTT	0.791	0.852	0.868
GAAGTC	0.808	0.872	0.957
CCTCCA	1.502	1.427	1.502
CAGCCC	1.454	0.955	0.945
GGTCCG	1.428	2.06	1.744
GATGCA	0.865	0.781	0.855
ATACTG	0.941	1.098	1.0
ACTTTT	0.748	0.796	0.795
CGTGTC	0.82	0.88	0.918
GAGCTC	1.163	0.912	0.832
TTACCG	1.277	1.773	1.612
CCGGGC	1.553	1.561	1.393
TACAAA	0.786	0.908	0.893
TCCTGG	1.388	1.271	1.182
