0.65837
0.65237
0.65696
0.65060
0.65226
0.65286
0.65006
0.66462
0.65531
0.64983
0.66548
0.66118
0.64772
0.66052
0.65812
0.65939
0.64656
0.65958
0.65483
0.65269
0.66790
0.65141
0.65937
0.66835
0.66034
0.67279
0.64431
0.65935
0.65688
0.65126
0.66150
0.66621
0.66325
0.66420
0.65836
0.65754
0.66395
0.65770
0.65642
0.66179
0.65385
0.65183
0.65031
0.65422
0.65023
0.64942
0.65250
0.63891
0.65087
0.64482
0.65514
0.65347
0.64487
0.64574
0.65549
0.65265
0.65774
0.64999
0.64505
0.64794
0.63262
0.64297
0.64042
0.64563
0.64513
0.64195
0.64388
0.64315
0.64522
0.64025
0.64338
0.63954
0.62839
0.64714
0.64559
0.64052
0.64508
0.64354
0.64573
0.63181
0.63268
0.63627
0.64101
0.63908
0.63120
0.62639
0.62558
0.63536
0.63663
0.64163
0.63121
0.63962
0.63911
0.64251
0.63411
0.63485
0.63805
0.64320
0.63917
0.62546
0.51722
0.51056
0.51479
0.51719
0.50024
0.51518
0.51904
0.52377
0.51125
0.52019
0.51455
0.52240
0.50913
0.52007
0.50650
0.51547
0.51743
0.51775
0.50883
0.51576
0.60629
0.60840
0.60057
0.59181
0.60590
0.59909
0.60523
0.61001
0.60413
0.58558
0.60181
0.58998
0.60466
0.60948
0.59818
0.59935
0.60732
0.60406
0.60937
0.60728
0.64262
0.64029
0.65633
0.64138
0.63592
0.64726
0.64711
0.64498
0.64180
0.64477
0.64453
0.64680
0.63255
0.64931
0.64924
0.63972
0.63519
0.64327
0.65736
0.65052
0.57015
0.55876
0.55001
0.56108
0.54816
0.56135
0.55579
0.55707
0.54995
0.55455
0.55594
0.56327
0.55859
0.55527
0.55913
0.55818
0.55142
0.54798
0.54935
0.55646
0.62714
0.62461
0.62485
0.62461
0.62132
0.61563
0.62761
0.61471
0.62536
0.62148
0.62352
0.62423
0.62421
0.62762
0.62659
0.62396
0.62091
0.62630
0.61989
0.61373
