	young	middle	old
AAA	0.0237	0.0263	0.0261
AAC	0.0319	0.0315	0.0316
AAG	0.0569	0.0498	0.0502
AAT	0.0151	0.0188	0.0186
ACA	0.0077	0.0103	0.0101
ACC	0.0234	0.0215	0.0213
ACG	0.0028	0.0041	0.004
ACT	0.027	0.0272	0.0269
AGA	0.0331	0.0281	0.0284
AGC	0.0045	0.0063	0.0062
AGG	0.0033	0.0045	0.0044
AGT	0.0061	0.0081	0.0079
ATA	0.005	0.0067	0.0066
ATC	0.0256	0.0228	0.023
ATG	0.019	0.0189	0.019
ATT	0.0288	0.0291	0.029
CAA	0.0302	0.0301	0.0301
CAC	0.0122	0.0108	0.0109
CAG	0.0049	0.0071	0.007
CAT	0.0079	0.0093	0.0092
CCA	0.0297	0.0273	0.0275
CCC	0.0027	0.004	0.0039
CCG	0.0016	0.0021	0.0021
CCT	0.0083	0.0101	0.01
CGA	0.0005	0.0007	0.0007
CGC	0.0009	0.0013	0.0013
CGG	0.0004	0.0005	0.0005
CGT	0.0072	0.0065	0.0067
CTA	0.0076	0.009	0.009
CTC	0.0017	0.0022	0.0022
CTG	0.004	0.0058	0.0058
CTT	0.0048	0.0062	0.0061
GAA	0.0551	0.0485	0.049
GAC	0.028	0.0268	0.0271
GAG	0.0096	0.0125	0.0124
GAT	0.0277	0.0304	0.0303
GCA	0.0081	0.0113	0.0111
GCC	0.0212	0.0213	0.0213
GCG	0.0027	0.0033	0.0033
GCT	0.053	0.0466	0.0465
GGA	0.0042	0.0056	0.0055
GGC	0.0063	0.0087	0.0086
GGG	0.0026	0.0037	0.0037
GGT	0.0546	0.0496	0.0501
GTA	0.0046	0.006	0.0059
GTC	0.0268	0.0236	0.0238
GTG	0.0055	0.0072	0.0072
GTT	0.0365	0.0323	0.0323
TAC	0.0213	0.0197	0.0199
TAT	0.0089	0.0114	0.0112
TCA	0.0079	0.0107	0.0105
TCC	0.0208	0.0192	0.0194
TCG	0.0032	0.0048	0.0047
TCT	0.0303	0.03	0.0299
TGC	0.0019	0.0026	0.0027
TGG	0.0094	0.0099	0.0098
TGT	0.0076	0.0072	0.0073
TTA	0.0172	0.0186	0.0182
TTC	0.0256	0.0243	0.0244
TTG	0.0468	0.0411	0.0413
TTT	0.0135	0.0163	0.016
