0.53592
0.48369
0.55626
0.61788
0.50914
0.57287
0.53956
0.55074
0.57875
0.56812
0.56349
0.54518
0.46327
0.54157
0.52757
0.41318
0.61718
0.48005
0.58708
0.51316
0.51566
0.56206
0.55202
0.56387
0.55633
0.52936
0.55122
0.55676
0.53996
0.56764
0.54221
0.57008
0.55023
0.47827
0.56111
0.45724
0.54434
0.57271
0.54719
0.52023
0.54734
0.49802
0.47747
0.46335
0.47506
0.55784
0.54659
0.50960
0.46521
0.53934
0.52028
0.52585
0.53987
0.53936
0.55687
0.51223
0.28419
0.56385
0.52669
0.56712
0.55396
0.57823
0.54323
0.54507
0.57615
0.54173
0.55762
0.53639
0.56770
0.56517
0.49553
0.54309
0.53901
0.56146
0.37369
0.53390
0.56635
0.44520
0.55138
0.39787
0.47925
0.56959
0.54270
0.52438
0.55513
0.56022
0.55017
0.50360
0.54232
0.53168
0.54328
0.55664
0.48725
0.52289
0.53181
0.54824
0.33411
0.44578
0.55943
0.55049
0.50606
0.54123
0.57448
0.54820
0.54283
0.54558
0.53431
0.53476
0.54998
0.55299
0.50427
0.41653
0.54552
0.56133
0.43759
0.42983
0.54844
0.53067
0.55191
0.40889
0.51553
0.45467
0.54253
0.62106
0.54472
0.55964
0.55145
0.42203
0.52136
0.54260
0.61676
0.58137
0.55614
0.40919
0.49986
0.51927
0.55786
0.51461
0.54620
0.60038
0.53290
0.56988
0.47922
0.33114
0.56349
0.49099
0.50301
0.52494
0.52104
0.54503
0.35083
0.53574
0.56474
0.54021
0.53172
0.54315
0.53712
0.48233
0.49893
0.53595
0.53094
0.55301
0.55359
0.53114
0.54304
0.56843
0.50518
0.50749
0.56196
0.54747
0.54435
0.56531
0.53242
0.54467
0.51575
0.52252
0.55047
0.55432
0.55869
0.49939
0.61135
0.45336
0.51379
0.52665
0.53768
0.52889
0.54434
0.47626
0.54956
0.50653
0.54284
0.54992
0.46269
0.54596
0.56927
0.50365
0.55570
0.40973
0.40596
0.53246
