codon	RD_young	RD_middle	RD_old
ATAGAG	0.824	0.825	0.764
TGGCCT	1.73	1.388	1.198
ACATCA	0.872	0.745	0.648
GTCTCG	0.927	0.837	0.808
GTGCAC	0.987	0.86	0.9
GGTACT	1.048	1.047	1.02
TATCTC	1.103	1.066	0.946
GTGCTG	1.385	1.104	1.095
AAGCAA	0.699	0.738	0.754
CGTTCC	1.054	0.823	0.912
CTCGTT	0.829	0.778	0.854
CTGAAC	1.064	1.112	1.076
GTAGGA	0.908	0.841	0.808
GACTGC	1.172	0.886	0.997
GTTAGA	0.636	0.719	0.764
CACCCA	0.904	0.852	0.869
ATTTGC	0.774	0.888	0.876
AGATTT	0.71	0.855	0.871
AGGCTG	1.022	1.12	0.98
ACTGTA	0.752	0.733	0.73
CGTACC	0.783	0.895	0.998
GATGGA	1.224	1.04	1.084
CGTCAT	0.763	0.734	0.856
CGTATA	0.822	1.002	0.938
CAGTTG	0.932	0.868	0.864
AGGCAA	1.004	0.973	0.914
AGATGG	0.946	1.049	1.069
AATGTT	0.689	0.848	0.873
AGGTAT	1.089	1.096	1.165
CGAGTC	1.236	1.016	1.113
GGAAGT	0.974	0.969	1.054
TACACA	0.974	0.821	0.886
GCTGAG	1.001	0.878	0.953
CATTCT	0.778	0.718	0.774
CGAAAC	1.431	1.579	1.378
ACGCTG	1.304	1.096	0.993
GACCAG	0.992	0.784	0.795
CTTTGC	1.042	1.088	1.022
TGTCTT	0.958	0.834	0.905
GGAGGC	1.373	1.179	1.125
TGGAGG	0.953	0.946	0.937
CATGTG	1.018	0.872	0.926
ATTCGA	1.232	1.469	1.423
ACGGGT	1.066	0.919	0.9
CCATCG	1.298	0.998	0.944
TATGTC	0.784	0.86	0.891
ATTGAT	0.646	0.762	0.814
GCTCGG	1.24	0.906	1.083
GGGCCC	1.456	1.152	1.077
GGGAAG	0.987	0.875	0.819
GACCTG	1.207	0.91	0.928
CGGCCC	3.484	1.463	1.369
ACCGTC	0.607	0.628	0.662
GTTAAC	0.627	0.73	0.793
TTTTTA	0.638	0.681	0.668
GAATCA	0.873	0.842	0.83
ACTCAG	0.834	0.827	0.72
TCGTTC	0.974	0.875	0.844
AGAGGA	0.875	0.791	0.851
ATTACT	0.563	0.725	0.747
TCTGTG	1.083	0.963	0.997
CTGAAG	1.091	1.281	1.176
GGTTAC	1.055	0.992	1.049
GGCTCC	1.189	1.003	1.039
CGGTCC	1.742	1.422	1.368
GCACGG	0.853	0.968	0.952
CCGCCG	3.33	4.015	3.238
ACGAAC	1.198	0.894	0.948
ATAGGT	0.801	0.947	0.923
GGCATC	1.028	0.964	0.991
GTATGC	0.946	0.807	0.828
CAGGCG	1.251	0.944	0.814
CAAAGT	0.774	0.78	0.81
ACCTAT	0.821	0.869	0.83
GACAAT	0.78	0.752	0.781
ATAGGC	0.996	1.136	0.963
GTTATG	0.561	0.753	0.829
ATGACC	0.606	0.692	0.743
TCGGTC	1.009	0.958	0.906
ACGGAG	1.245	1.006	0.911
AGACGC	0.931	0.985	0.967
AGAGAC	0.903	0.874	0.858
GGTGTA	0.983	0.934	0.889
GCCCAC	0.787	0.75	0.818
ACATAC	0.932	0.79	0.764
TACGAG	0.999	0.851	0.903
CTCGCA	0.985	0.927	0.878
TTCCTG	1.12	1.137	1.082
CTCGGA	1.371	1.17	1.181
TTGGTT	0.637	0.776	0.807
GGTCAA	0.905	0.827	0.823
ACCATA	0.778	0.776	0.73
CATTCA	0.846	0.792	0.728
GCATTT	0.798	0.746	0.75
CGTCTC	0.879	0.898	0.91
ATACGA	1.281	1.91	1.441
ACTATG	0.728	0.823	0.828
TGGTCG	1.256	1.118	0.966
TTTAGA	0.792	0.859	0.862
AACCGA	1.395	0.917	1.152
GTAAGG	1.076	0.811	0.843
GGTATC	0.865	0.849	0.892
CAGGAG	1.044	0.829	0.859
GGGCTA	1.282	0.989	1.026
ACGATA	1.162	1.011	0.94
GTTTCA	0.702	0.703	0.697
GGAGTA	1.014	0.876	0.88
TCTCGA	1.462	1.179	1.255
CGCTGC	1.8	1.354	1.422
AGTGCA	0.76	0.808	0.806
CAACTG	1.012	0.92	0.88
CAGATG	0.985	0.927	0.948
CAAAGC	0.745	0.792	0.724
AAAGAC	0.883	0.871	0.892
TGGTAT	1.073	1.022	0.905
GCCCCC	0.961	0.853	0.886
TGCGTC	1.093	1.022	0.931
CTGTCT	1.182	1.184	1.142
TCGGAG	1.235	0.961	0.918
GATCCT	1.229	1.208	1.232
TACTAT	0.906	0.946	0.942
TGGTTG	1.045	0.961	0.92
CCTGTC	1.056	1.097	1.114
CCTGGG	1.925	1.862	1.9
GGCCCG	1.676	1.743	2.188
ACAGTG	1.029	0.841	0.83
ATACTC	0.897	1.035	0.823
TCATAC	0.906	0.858	0.792
AACTAC	1.002	1.083	1.156
TATGCC	0.815	0.835	0.908
GTGTGG	0.962	1.07	1.02
CCCTGG	2.074	1.842	1.498
AAAAGC	0.92	0.973	0.966
GACCTC	1.108	0.921	0.999
CTTCTT	0.977	0.926	0.895
GGTCGC	1.418	1.03	1.052
GAGAGC	0.92	0.675	0.748
GCTATC	0.713	0.763	0.756
ACTACA	0.947	0.86	0.83
ATCAGG	0.686	0.786	0.812
CGTAAA	0.759	1.018	1.084
GGTATG	0.86	0.917	0.932
TTTGGG	0.881	0.899	0.91
CGGAAC	1.868	1.572	1.408
AGTCAG	0.683	0.7	0.707
GAATTT	0.729	0.809	0.855
AAGATA	0.738	0.918	0.909
GGTGAT	0.955	0.903	0.968
CCTGAC	1.621	1.457	1.501
TTAGTA	0.588	0.625	0.692
CACCCC	1.067	0.951	0.835
CCGCTG	2.065	2.021	1.645
CCCATT	1.281	0.97	0.922
GCTTTC	0.825	0.802	0.808
GGCACT	1.308	1.053	1.0
TTCAAG	0.683	0.771	0.785
TCCGTT	0.72	0.786	0.758
CAAGGC	0.929	0.853	0.771
CATAAC	0.802	0.819	0.821
GTATTA	0.713	0.763	0.767
AAGATT	0.675	0.818	0.872
ATTAAC	0.518	0.69	0.707
TTAACG	0.886	0.843	0.784
TGGCGC	2.12	1.201	1.132
AACCTC	1.136	0.891	0.913
CTCCGT	0.934	1.019	0.978
CGGTTT	1.969	1.537	1.478
GGATTC	1.036	0.962	0.906
GATAGG	1.004	1.026	1.002
CTATGT	0.845	0.895	0.889
GGCCTT	1.233	1.024	1.219
CGTGAC	0.91	0.898	0.922
GTATAC	0.994	0.885	0.86
AGAGCG	0.996	1.156	1.014
AAAGGC	1.058	1.004	0.992
AGGGGG	0.826	0.704	0.839
TCACGA	1.034	1.415	1.154
AAGGGT	0.759	0.871	0.839
GTTCCC	0.958	0.891	0.953
CCTGAA	1.35	1.245	1.424
TCACAT	0.92	0.784	0.732
CGACTA	1.684	1.384	1.03
ACGAAT	1.11	0.981	0.92
TGGCAT	1.539	1.072	0.935
ACTAGA	0.86	0.92	0.84
GGAGCG	1.68	1.636	1.368
AAGCAG	0.787	0.708	0.708
GGGTGC	1.825	0.917	1.004
CGGGGC	1.401	1.116	1.317
CCGAGG	2.591	2.37	2.006
GTTTCG	0.92	0.818	0.907
TCAGAC	0.86	0.723	0.698
CAAAAT	0.701	0.786	0.739
ACGGTG	1.395	1.015	0.983
TATGAC	0.834	0.856	0.938
TGGCTA	1.37	1.007	0.91
AGGAAG	0.835	0.94	0.994
GCGCAT	0.83	0.934	0.843
CCAAAA	1.074	1.056	1.06
CGGATG	1.388	1.318	1.301
GCAGCC	1.012	0.802	0.762
GATGGC	1.196	0.969	1.002
ACCCCA	0.793	0.778	0.798
CTGGGA	1.161	1.042	0.924
CGCGAG	1.116	0.867	0.897
ATGTCC	0.698	0.763	0.776
TCACGC	1.09	0.879	0.733
ATTCCC	0.806	0.978	1.019
CCCTTT	1.192	1.106	0.992
TTGTCC	0.772	0.819	0.905
CCAGAG	1.317	1.087	1.179
AGCGAG	0.837	0.761	0.678
GGCCGA	2.172	1.255	1.349
GGAGGT	1.223	1.09	0.984
TTCTCA	0.758	0.754	0.75
TCCGGT	0.78	0.785	0.802
ATAAAA	0.68	0.883	0.84
CGCACG	1.231	0.78	0.922
GAAGCC	0.909	0.828	0.842
AGAAGG	0.901	0.95	0.967
AGTTGC	0.886	0.938	1.026
CGCCGC	1.241	0.865	0.898
ACAGGC	1.18	0.926	0.877
TGCCCG	1.796	2.476	2.725
ACGACC	0.932	0.779	0.774
AGCCCG	1.934	2.456	2.296
TCGGTA	1.086	1.05	0.984
CGACGG	3.25	4.652	3.989
CACGAC	0.947	0.797	0.812
CTACGT	0.993	0.991	0.987
AGGGCC	0.847	0.802	0.865
CAATCG	1.069	0.861	0.756
TACATG	0.819	0.848	0.91
AACGGA	0.986	0.882	0.882
GAACGA	0.982	1.086	1.013
AGGCAG	1.031	0.933	0.922
GCACAC	0.711	0.678	0.67
GCCGCA	1.0	0.828	0.849
ACAATT	0.779	0.76	0.69
GTTACC	0.64	0.645	0.766
ACGCAG	1.242	0.882	0.85
CTCCTG	1.625	1.906	1.664
AAAGAA	0.897	1.027	0.969
ACATTA	0.819	0.732	0.67
CCGGGT	1.47	1.374	1.471
TTTAGC	0.769	0.783	0.843
GTCACC	0.68	0.686	0.72
CGCCTC	1.419	0.789	1.061
TCTGTT	0.741	0.808	0.817
AACATT	0.701	0.838	0.865
ACCAGA	0.743	0.776	0.798
GCAAGA	0.89	0.81	0.763
CTGGAA	0.994	0.898	0.84
CATTCC	0.794	0.767	0.746
TTACAA	0.619	0.702	0.681
AAATCA	0.893	0.932	0.888
GCGGCT	1.034	0.916	0.87
TACAAG	0.788	0.851	0.877
CGGCCG	2.154	2.284	3.318
GAAGTT	0.772	0.842	0.906
TTCGAC	0.825	0.794	0.894
TTTGAA	0.758	0.844	0.858
CCCGCC	1.413	0.994	1.007
AATCAT	0.742	0.812	0.81
GTAGAG	0.871	0.685	0.675
GCACTT	1.006	0.825	0.785
CATCTC	1.054	0.937	0.823
CAGAAT	0.968	0.951	0.893
CGTGTT	0.758	0.879	0.963
AACTGC	1.07	0.929	0.938
AGCATC	0.677	0.619	0.746
CTACCG	1.745	2.362	1.811
CATCGG	1.155	1.496	1.358
AAGAGT	0.677	0.753	0.768
CTCCGG	1.028	1.404	0.866
GTCCTG	1.043	0.911	1.001
AGCATG	0.586	0.718	0.738
GACACC	0.888	0.789	0.807
CGATGG	2.467	2.523	2.229
AAGTGC	0.817	0.9	0.885
CAGAGC	1.149	0.86	0.847
GAACAC	0.924	0.84	0.811
CGCCGG	1.201	0.901	0.794
GTTCTG	0.818	0.898	0.975
CGGCTT	3.926	1.872	1.691
CGGGCC	1.93	1.448	1.22
GAATTC	0.79	0.826	0.883
GATCGG	1.271	1.32	0.97
ATTAAG	0.51	0.726	0.742
AAGTCA	0.794	0.833	0.863
TCAAAG	0.697	0.765	0.734
TCCCTG	1.148	1.002	0.993
TGGCGA	1.469	0.991	0.902
ACCAAC	0.68	0.754	0.772
GAGGCC	1.007	0.884	0.874
AAGATC	0.657	0.842	0.846
TCAACG	0.99	0.798	0.737
TGGCAA	1.338	1.0	0.828
CATCCC	1.159	0.924	0.944
AAGACG	0.911	0.752	0.77
TGTACA	1.062	0.78	0.86
CGTCAC	0.848	0.766	0.784
TCACAC	0.99	0.76	0.695
GCGATG	0.996	1.128	1.007
CAATGG	0.973	0.929	0.824
ACATTG	0.883	0.79	0.729
ACCCCG	1.347	1.474	1.344
TCATTG	0.808	0.82	0.776
ATTAGG	0.685	0.803	0.891
CGAGAT	2.041	2.288	2.237
ACGATC	1.052	0.891	0.828
GGATTT	0.984	0.91	0.896
GGCGAC	1.227	0.98	1.064
GGAATA	1.284	1.175	1.153
AGGGTA	0.703	0.78	0.733
ATAATG	0.592	0.767	0.739
GATGAT	0.815	0.782	0.834
ACCGAT	0.713	0.742	0.714
ATAAGT	0.645	0.775	0.724
TTAAGG	0.924	0.915	0.866
GGACAA	1.063	0.856	0.812
ACAGAC	0.968	0.81	0.83
GTCGTG	0.841	0.729	0.766
GCCGTG	1.042	0.887	0.919
TTACGT	0.775	0.911	0.931
AATGGC	0.956	0.933	0.924
TATCGT	0.91	1.082	1.028
CAAGAA	0.794	0.759	0.738
TGCCAA	1.066	0.858	0.901
TTTCGT	1.059	1.198	1.182
TTAAGA	0.728	0.842	0.775
CTTCAA	0.885	0.783	0.797
CTCTGT	1.162	1.08	1.063
TGGTGC	1.484	1.003	1.008
GCGGGG	1.02	0.939	0.827
TGCGGG	0.938	1.095	1.109
CCGCCC	1.982	1.976	1.76
ATGCGC	1.086	0.936	1.241
GACCGT	0.958	0.856	0.942
TTTGTT	0.613	0.733	0.765
TGGCGG	0.941	1.733	1.293
AGGCTC	1.101	1.088	0.901
GACGCA	0.881	0.739	0.8
ACGGCG	1.375	1.104	1.116
GGGTCT	1.096	0.987	0.992
AGTTGG	0.834	0.938	0.945
CCCCCG	3.864	2.962	2.388
CACTGC	1.008	0.914	0.911
ACTAAG	0.676	0.794	0.77
CGCTTT	1.49	1.122	1.058
GACACT	0.916	0.824	0.891
GTGATA	1.038	1.015	1.054
GGGACG	1.553	1.126	0.95
GTGTCA	1.038	0.814	0.854
TCTTCG	1.127	0.913	0.816
GCCGCT	0.902	0.805	0.834
AATAGT	0.621	0.745	0.703
GGCTAC	1.321	1.151	1.161
TGTCGT	1.005	0.994	1.033
GACGCG	0.954	0.907	0.841
GAGGGA	0.894	0.742	0.712
CAACAT	0.84	0.709	0.644
GAGAGT	0.86	0.757	0.731
GAAGAC	0.738	0.743	0.788
GGGGTT	0.958	0.869	0.929
ACAGCT	0.968	0.845	0.801
ATCGTG	0.746	0.802	0.774
CAACTC	0.918	0.868	0.836
AATGAC	0.818	0.838	0.854
CTCCAT	0.748	0.733	0.767
CCAGTA	1.056	0.984	0.966
AAAGCA	0.89	0.907	0.84
GTAGCA	0.882	0.772	0.694
AGTCTC	0.916	0.972	0.812
AACGTT	0.701	0.832	0.826
CATTCG	1.158	0.882	0.891
GAGCAT	0.914	0.814	0.782
CATAGC	0.787	0.692	0.748
TCTGAG	0.968	0.88	0.937
GGGGGA	1.073	0.683	0.706
CAGGGC	1.261	0.938	0.826
ACTATA	0.828	0.808	0.746
CGAACT	1.671	1.729	1.711
ATTGTA	0.566	0.67	0.676
ACGCGA	2.086	1.624	1.542
GCAGAA	0.993	0.772	0.779
CTAGAT	0.788	0.838	0.8
GAATCT	0.85	0.877	0.887
CATCAT	0.694	0.694	0.668
ATAAGG	0.745	0.898	0.834
GTGGCA	1.167	0.871	0.838
AGAGAT	0.805	0.812	0.831
GAAAGC	0.852	0.824	0.843
ATCTCA	0.693	0.729	0.716
AACCTG	1.113	0.984	0.88
TGGGAC	0.897	0.927	0.9
CATAAG	0.865	0.883	0.829
GCTAAA	0.818	0.887	0.86
TCGCAT	1.021	0.821	0.786
GTCTTT	0.68	0.798	0.838
AACGAA	0.777	0.862	0.905
TCAATC	0.696	0.706	0.693
ATAGTC	0.695	0.906	0.902
AAGCGG	0.819	0.893	0.939
CTCGAC	0.898	0.829	0.898
CTCAGG	1.152	1.134	1.186
CGAGCG	4.975	4.381	3.555
AGTACG	0.955	0.715	0.791
TGCGCA	1.009	0.784	0.835
GGTAGT	0.748	0.735	0.792
TTCGTC	0.668	0.734	0.804
TTTCGA	1.8	1.832	1.446
CCTACG	2.288	1.74	1.706
TGGGAT	0.802	0.88	0.86
GGCTGT	1.007	0.925	0.876
ATGTCG	0.682	0.774	0.755
TCTATA	0.839	0.897	0.839
TTAGCT	0.766	0.8	0.788
CATACT	0.716	0.72	0.697
GTTGCT	0.7	0.759	0.806
GGAACA	1.288	1.037	0.987
TCGTCA	0.933	0.788	0.751
GAAAGA	0.855	0.875	0.833
TCTAAA	0.797	0.917	0.899
CAACCA	0.967	0.842	0.834
TATTCC	0.784	0.83	0.875
AATTGG	0.978	0.979	0.932
TCATCA	0.807	0.7	0.674
ACTTCG	1.071	0.893	0.85
CTTTCC	0.86	0.85	0.85
AGAAGT	0.741	0.779	0.801
CTAGTC	0.734	0.776	0.815
CCTACA	1.774	1.446	1.491
CGGGTG	1.229	1.168	1.245
TGCACG	1.169	1.0	0.934
TTCCTC	1.026	0.915	0.919
AATGTC	0.78	0.867	0.897
AACCTT	0.966	0.832	0.822
TCAGCT	0.791	0.805	0.719
AAGTGG	0.868	0.975	1.011
CTCCAG	0.928	0.912	0.756
ACGTGC	1.575	1.124	1.182
GATAGC	0.812	0.79	0.827
CCATCA	1.067	0.939	0.95
ACGGTT	1.08	0.895	0.968
GCGAGT	1.06	1.06	0.926
TGGACG	0.911	0.891	0.895
GTGCGT	1.079	0.942	1.08
GGGCAT	1.254	0.976	0.812
GCGGTG	1.139	1.043	0.984
CTGATG	1.078	1.152	1.054
TACTTC	0.885	0.923	1.017
CGTAGT	0.805	0.842	0.828
CTATTT	0.704	0.734	0.737
TTGTTC	0.72	0.79	0.9
GTAAGA	0.824	0.822	0.79
GCACCG	1.524	1.653	1.388
AACTCA	0.824	0.843	0.84
AATAGA	0.868	1.058	1.032
ATCAAT	0.502	0.686	0.682
ACTCCT	0.897	0.984	1.04
AAATAC	0.892	0.922	0.904
CCCGAG	1.572	1.207	1.12
GGCGCG	1.233	1.425	1.24
GGCCGC	1.402	0.918	1.016
AGACAC	0.803	0.932	0.919
CCCGTC	1.048	0.892	0.878
TCTAGA	0.846	0.829	0.851
ACCGGG	0.848	0.804	0.91
GTAAGT	0.79	0.786	0.785
AGAAAT	0.759	0.871	0.844
TGGGGT	0.771	0.808	0.78
TTCTCC	0.746	0.816	0.825
AATCGG	1.79	1.234	0.996
TGTAGG	0.869	1.118	1.033
TCATTC	0.721	0.76	0.682
CGGTGC	1.602	1.494	1.405
TACCTT	1.115	0.94	0.911
CAACAA	0.76	0.661	0.614
GCCTCA	1.044	0.832	0.828
GAGCCT	1.215	1.081	1.098
TGTCAC	1.023	0.824	0.804
CATGGT	0.845	0.754	0.81
GTCGAC	0.73	0.72	0.787
ATGAAT	0.6	0.795	0.861
AATAAG	0.649	0.797	0.781
TCCGTC	0.748	0.737	0.79
CATGTT	0.734	0.74	0.79
ATCCAG	0.594	0.678	0.621
GTCAGA	0.682	0.724	0.689
ATCTTA	0.576	0.752	0.759
TCTCAA	0.709	0.745	0.687
CCGGTT	1.309	1.248	1.26
CGACAA	2.457	1.612	1.43
ATGATT	0.614	0.807	0.849
CCCGCA	1.596	1.138	1.11
AGGGTG	0.86	0.79	0.841
TCAAAC	0.738	0.765	0.762
GGGACA	1.305	1.083	0.988
TGGGTT	0.796	0.936	0.909
CCTCGT	1.4	1.373	1.478
CTTACC	0.762	0.8	0.847
GAGACG	1.187	0.864	0.879
CACCAC	0.846	0.636	0.678
CCGATG	1.785	1.952	1.664
ACGGCA	1.444	0.969	0.994
CACGTA	0.792	0.67	0.708
TGGTTT	0.945	0.911	0.835
ATGAGG	0.736	0.855	0.928
GCTAGA	0.863	0.82	0.839
CCGAGA	2.22	2.759	2.25
CTCAAG	0.948	0.889	0.881
GTCAAG	0.6	0.652	0.726
AGCTCG	0.976	0.842	1.04
CTTGAA	0.905	0.916	0.961
AGATCG	1.151	0.974	0.893
ACAAAT	0.84	0.776	0.742
CACCAG	0.943	0.7	0.782
CCACGC	1.548	1.064	1.226
CTTCCT	1.12	1.147	1.14
GTCCAC	0.696	0.804	0.917
ATATCG	0.986	1.062	0.941
CCCTCT	1.521	1.202	1.222
AAATAT	0.73	0.841	0.874
TTTGGT	0.78	0.833	0.84
GTGTCT	1.024	0.881	0.861
TCCTAT	0.928	0.917	0.899
TCCTTA	0.876	0.912	0.894
CGGGGT	0.964	0.821	0.894
AACAGA	0.886	0.988	1.059
CTCATT	0.849	0.868	0.815
CCAATT	0.937	0.968	0.992
ACCACT	0.657	0.71	0.715
CATCAG	0.938	0.779	0.739
CGGCGA	3.582	3.752	2.117
CATAAT	0.779	0.78	0.733
TGCCCA	1.021	0.945	1.06
CAGTGC	1.092	0.861	0.746
CCCAAG	1.541	1.058	1.1
GCTTGC	1.046	0.765	0.836
GGAATC	1.045	0.955	0.977
AGGACC	0.927	0.914	1.119
CACCGA	1.341	1.011	1.107
GGTTCT	0.887	0.888	0.876
CCAGTC	0.902	0.902	1.0
TACCTG	1.21	1.0	0.999
GTTCGT	0.76	0.891	0.992
TGCAAT	0.954	0.921	1.073
TGCGTA	1.005	0.794	0.943
AAGGGC	0.934	1.017	0.961
TGCTTA	1.323	1.085	1.031
CTCATG	0.889	0.96	1.063
GATATT	0.803	0.835	0.84
AGGGGT	0.651	0.904	0.829
CCCAAC	1.642	1.345	1.365
TGTTCA	0.844	0.863	0.867
TCCTTG	0.943	0.958	0.996
TCAGAA	0.905	0.79	0.743
GCAAGG	0.955	0.876	0.854
GAGACA	1.004	0.812	0.767
GGCTTG	1.17	0.958	1.0
AGACGG	0.874	1.094	1.088
GACGAC	0.89	0.71	0.79
AAAAGA	0.905	1.07	0.991
CCCAGC	1.613	1.038	1.28
CAAAAA	0.741	0.841	0.76
AGGATA	0.841	1.016	1.066
ATTCAT	0.519	0.71	0.75
ATACGC	0.785	0.998	1.052
ATTGAC	0.662	0.721	0.783
AGTTAT	0.823	0.926	0.892
TCCCTT	0.882	0.879	0.88
CCCCGT	1.396	1.112	0.987
AACTTA	0.717	0.872	0.822
CCAGCG	1.413	1.296	1.248
TGGAAT	0.942	0.99	0.962
CCCTGC	1.745	1.293	1.324
CATGCT	0.773	0.709	0.768
TACGTG	0.99	0.898	0.876
CAGCGT	1.191	0.95	0.935
CCGACT	2.078	2.28	1.899
ATGGAG	0.823	0.815	0.865
CTGGTG	1.199	0.986	1.093
TGGTCC	1.164	1.027	1.0
GAAATA	0.788	0.871	0.843
GCCGGC	0.906	0.928	0.899
GTTCCT	0.897	0.94	1.046
GCCGGG	0.997	0.837	0.915
CAAATA	0.806	0.85	0.78
GCGGCA	1.118	0.96	0.82
CTCCAA	0.942	0.828	0.726
GCGCGC	1.171	1.022	1.012
GAACTT	0.932	0.895	0.869
CATCTG	1.006	0.924	0.894
TTACCT	0.876	0.926	0.978
TGCTAT	1.338	1.212	1.311
GGAAAA	1.077	1.042	1.057
TCTGTA	0.879	0.804	0.84
CTAGGC	0.957	0.834	0.883
GGCTTT	1.014	1.026	1.026
AGCGGG	0.741	0.89	0.834
GCCATC	0.776	0.696	0.704
GAGAAA	0.914	0.888	0.878
TTCCCC	1.114	0.864	0.974
GTCCAT	0.609	0.691	0.744
CGCCCT	1.087	0.869	1.25
GTTGGG	0.811	0.825	0.872
TCCCTC	0.862	0.712	0.804
CTCGGC	1.208	1.006	0.978
GCGACG	1.804	1.477	1.3
GTGGAG	0.913	0.734	0.659
AGACCT	0.975	1.051	1.15
TTTGGA	0.852	0.903	0.884
AGTCCG	0.898	1.482	1.509
GCCTCC	1.07	0.883	0.925
TTATCA	0.745	0.792	0.738
CTGTAT	0.988	0.975	1.021
CCAGCC	0.995	0.917	0.956
CAGTTC	0.926	0.842	0.878
CGGCTG	3.138	2.16	2.002
TCGTCC	1.102	0.841	0.734
CAACAC	0.945	0.702	0.737
GGGTTC	0.984	0.874	0.895
GGTTCG	1.173	0.996	0.928
GATGGT	1.058	0.972	0.977
TTCGGA	0.95	0.841	0.934
CGAGGT	1.519	1.501	1.18
ACAAAA	0.858	0.84	0.781
TCGCGG	1.322	1.163	0.947
GATTAC	1.033	0.952	1.049
AAGGCA	0.818	0.78	0.742
ATGCCC	1.07	0.941	1.034
GACTGG	1.11	0.933	0.925
ATATTC	0.77	0.842	0.832
AACCAC	0.794	0.849	0.85
CATCTT	0.96	0.77	0.732
TTGATA	0.825	0.897	0.936
CAGACG	1.43	0.976	0.855
GCACCC	1.096	0.934	0.87
TCGCGA	1.526	1.52	1.182
AGCAGG	0.871	0.882	0.903
CGCCCG	1.252	1.097	1.553
AGTAAT	0.576	0.732	0.716
CCTAAT	1.32	1.253	1.334
TCCGCT	0.707	0.754	0.697
AGTAGG	0.863	0.881	0.831
TCCGCC	0.782	0.74	0.792
TGGTTC	1.028	0.948	0.933
ACGACA	1.259	0.899	0.834
TCCCAC	0.669	0.676	0.65
CAACCC	1.214	0.92	0.915
GCGGGA	1.085	0.93	0.848
TACTGG	1.078	1.035	0.986
GAGATG	0.87	0.839	0.899
TCGCCG	1.686	2.013	1.752
TATCCG	1.212	1.38	1.074
CAAGAC	0.856	0.714	0.716
GTTGAG	0.812	0.768	0.786
CCTGTT	1.158	1.094	1.192
CGTGGC	1.092	1.009	1.003
GGTGAC	1.088	0.974	1.089
ATGGCA	0.819	0.869	0.893
AGAAGC	0.805	0.766	0.837
AAGGAA	0.801	0.972	1.0
ATTTCC	0.578	0.732	0.75
AACATA	0.819	0.826	0.815
GAGCAA	0.854	0.717	0.716
TCGGCT	1.146	0.874	0.776
GATCAT	0.86	0.822	0.834
CTATGC	0.998	1.036	0.857
GTGAAG	0.906	0.825	0.852
GTTTTC	0.629	0.706	0.729
GAGCCC	1.433	0.992	1.066
AACGAC	0.865	0.762	0.8
AGGATT	0.869	0.986	1.028
GGACCA	1.21	1.1	1.092
TGTTCG	1.132	1.118	1.029
GTCAAA	0.689	0.867	0.813
TTAGGC	0.962	0.908	0.877
ATGGAA	0.695	0.846	0.855
TCAGTT	0.69	0.752	0.752
ATCGCT	0.619	0.723	0.766
GCGTTT	0.905	0.993	0.887
ACCTTT	0.697	0.808	0.782
CTCGCT	0.99	0.922	0.856
TTAACC	0.589	0.748	0.736
CACTCT	0.891	0.77	0.788
AAACAG	0.938	0.944	0.876
GAATGC	1.02	0.967	0.913
GTGCAG	1.119	0.722	0.706
GACGAT	0.831	0.722	0.767
TCGCAA	0.942	0.726	0.691
ATGAGA	0.656	0.808	0.84
GTTTGC	0.813	0.948	0.943
AGATCA	0.875	0.832	0.809
AATGAG	0.892	0.992	1.002
AGACAA	0.739	0.812	0.77
AAGTTC	0.777	0.834	0.803
CCTCTT	1.282	1.124	1.223
CTTTAT	0.88	0.899	0.886
TTTAGT	0.636	0.808	0.817
TGCCAG	1.265	0.952	0.91
GCTCCC	0.99	0.952	0.923
TTCGAT	0.758	0.806	0.864
GAGAGG	0.907	0.751	0.799
GCGCAA	0.77	0.813	0.748
GAACTC	1.017	0.886	0.874
TTGATC	0.698	0.861	0.847
CTTATT	0.748	0.824	0.818
GTAACT	0.86	0.828	0.739
TTGCCT	1.08	1.064	1.224
TGCAGA	1.125	1.107	1.156
CTATTC	0.781	0.683	0.703
AAGCCC	0.978	1.0	0.998
CCGTTA	1.402	1.718	1.552
GAGTCC	0.972	0.865	0.891
AAACGC	1.062	1.027	1.006
CCCATA	1.618	1.255	1.232
TCTCGC	1.14	1.022	1.03
GGCCTC	1.393	1.004	1.005
GCTCCG	1.205	1.381	1.269
CGACTT	2.139	1.49	1.453
GTGTCC	1.108	0.861	0.931
CAATTT	0.672	0.718	0.69
CCGCAG	2.287	2.338	1.84
CCAGGA	1.724	1.439	1.506
CGACTG	3.369	3.288	3.89
CGATTT	1.65	1.737	1.642
TGTATC	0.755	0.849	0.927
CCATTA	0.98	0.946	0.947
TACGTT	0.75	0.802	0.886
TTTTCC	0.687	0.772	0.762
ACTGTT	0.696	0.796	0.79
CACAAC	0.823	0.807	0.778
GTGCCA	1.282	0.998	1.041
TCCGAC	0.852	0.792	0.789
TGGGGA	0.842	0.755	0.783
CTTTTT	0.749	0.877	0.782
GCGGCC	0.909	0.875	0.813
AATGCT	0.782	0.854	0.83
TTTAAT	0.618	0.776	0.724
GGTGAA	0.95	0.944	0.992
GAATTA	0.724	0.812	0.813
ATGCAT	0.58	0.742	0.718
TTTACA	0.778	0.785	0.771
CAAATC	0.659	0.776	0.747
GACACG	1.095	0.856	0.876
TTGCGT	0.846	1.029	1.138
GTTCTC	0.925	0.867	0.835
GTCACG	0.998	0.805	0.796
TGGGTC	0.908	1.118	0.988
TGCGCC	0.875	0.896	0.912
CATCCT	1.023	0.913	0.912
CACATG	0.755	0.819	0.815
TTCTTA	0.732	0.776	0.784
AGCTCA	0.885	0.833	0.751
CACTAC	1.056	0.925	0.95
CTAGCG	0.936	1.214	1.015
GAATAC	0.967	0.929	0.953
ACAAGG	0.978	0.829	0.79
AATAAA	0.749	0.895	0.812
TTCATA	0.863	0.879	0.831
AGTACC	0.65	0.718	0.71
CCAACA	1.26	1.018	1.007
CAGCCA	1.213	0.929	1.006
GAACTG	0.957	0.926	0.937
GCACGC	1.005	0.796	0.829
AGTTTC	0.729	0.748	0.765
GTGGGT	0.916	0.821	0.795
GGTTCA	0.892	0.88	0.791
ATTCGG	0.808	1.102	1.211
CGCGCT	1.023	0.809	0.85
AGTGAC	0.798	0.798	0.867
CATCAA	0.682	0.671	0.616
TACACT	0.863	0.867	0.888
TGCATT	1.03	0.823	0.852
ACTGTC	0.692	0.745	0.802
TGCGCG	1.069	1.089	1.162
CTGATC	0.969	0.92	0.874
CTTGCT	0.885	0.813	0.825
CAAGGG	0.931	0.884	0.778
GTGACC	1.212	0.884	0.833
CGAGCT	1.763	1.506	1.671
GGAATT	0.986	0.911	0.951
TCTGGG	0.875	0.912	0.814
ACGGGC	1.273	0.991	0.953
CTCTGG	1.108	1.36	1.383
AAAGTC	0.778	0.866	0.859
CAGGAT	0.963	0.804	0.812
GGCTCA	1.094	0.903	0.916
GCCAAT	0.896	0.86	0.847
CCCGTT	1.156	0.973	0.989
GCCTGC	1.203	0.752	0.907
TCTAAT	0.703	0.767	0.752
AAAATA	0.729	0.895	0.844
CTAACC	0.768	0.771	0.806
GATATA	0.88	0.915	0.804
GTGTTT	0.834	0.8	0.845
TTAAGT	0.638	0.783	0.797
TGGATA	0.979	1.006	0.886
CCCGGA	1.965	1.529	1.583
TCTCAC	0.75	0.781	0.812
TGCTCC	1.116	1.07	1.044
CGCTAT	1.663	1.116	1.11
GGGGTC	1.18	1.054	1.076
CACGGG	0.938	0.862	0.94
GTCCGT	0.678	0.756	0.809
TTACCA	0.865	0.877	0.885
ACCTCT	0.756	0.771	0.808
CCTCCT	1.52	1.518	1.542
CAAGAG	0.898	0.786	0.74
TATAAA	0.75	0.928	0.87
ATCAGC	0.677	0.777	0.861
ACCCCC	0.964	0.92	0.915
AACTTC	0.767	0.894	0.921
AACGCC	0.844	0.856	0.801
GCGAAC	0.97	1.132	0.947
TCTGCC	0.803	0.782	0.786
GAGCAG	0.897	0.705	0.681
ACACCT	1.11	0.931	0.869
CTGCTA	1.041	0.897	0.861
CGTGTA	0.738	0.802	0.84
GAAGTG	1.016	0.89	0.872
CCTGCG	1.803	1.609	1.677
TCGAAC	1.0	0.876	0.821
CAGTGG	1.048	0.804	0.756
TATTCA	0.815	0.841	0.844
CGCCGT	1.095	0.834	0.99
CGACTC	1.549	1.072	1.168
CCCCCT	1.578	1.454	1.301
TATCAA	0.747	0.793	0.801
TGGCCG	2.089	1.684	1.356
GGCGTA	1.076	0.856	0.838
GCTACT	0.868	0.832	0.859
GTTGTT	0.583	0.686	0.729
ACTTCC	0.84	0.794	0.816
GTCGGG	1.048	0.917	0.959
ACCGCT	0.691	0.69	0.738
AGTTTT	0.766	0.737	0.834
TTTCTG	1.074	1.16	0.996
GTTACA	0.705	0.765	0.783
TACATT	0.801	0.848	0.869
CTCGTC	0.724	0.877	0.81
CCAACC	0.948	0.962	0.957
TTCAAC	0.654	0.796	0.815
CTCTTT	0.871	0.948	0.874
ATCTGG	0.797	0.912	0.962
TGCACC	0.971	0.877	0.81
AGAGTG	0.874	0.845	0.855
ACTTTG	0.81	0.851	0.854
GGGTTT	0.875	0.91	0.834
TCATGT	0.788	0.761	0.719
CAGCTC	1.16	0.811	0.688
CACATT	0.778	0.764	0.808
ACAATA	1.018	0.84	0.745
TTGGCA	0.921	0.808	0.842
CAGCTT	1.196	0.925	0.867
TCTAGC	0.824	0.765	0.764
GTTAAT	0.582	0.724	0.766
ACCTTG	0.817	0.839	0.862
AAGTTG	0.763	0.86	0.868
GCCACA	1.069	0.788	0.851
TGCGCT	0.927	0.867	0.766
AAAAGG	0.944	1.042	0.97
GGTCTA	1.028	0.914	0.986
ATTGTT	0.522	0.695	0.726
TTCTTC	0.756	0.799	0.791
CAGAAG	0.935	0.88	0.81
ATAGTA	0.674	0.878	0.795
GCCTGG	1.183	1.082	0.899
TTTTAC	0.829	0.882	0.885
TGTAAA	0.824	1.084	1.061
CACGGT	0.882	0.818	0.84
ACAGTA	0.894	0.769	0.779
CGTAGA	0.726	0.868	0.895
CTCAAA	0.968	1.209	1.096
GGATGC	1.727	1.075	1.114
CATTTT	0.75	0.688	0.673
TTGGCC	0.813	0.806	0.812
GGAAAT	0.985	0.94	0.965
AGACTC	1.055	1.046	0.981
GTGAGC	0.941	0.812	0.966
CAATTC	0.72	0.72	0.717
CGGGAA	1.495	1.59	1.448
ACACGG	1.011	0.602	0.956
ATGGGC	0.83	0.866	0.949
TATCGC	1.202	1.152	1.072
GTTAGG	0.762	0.8	0.823
GGGGTG	1.033	1.037	0.823
GCCATT	0.763	0.725	0.764
CCCGCT	1.421	1.026	1.123
CGTTTG	0.774	0.85	0.946
ATGAGT	0.581	0.771	0.809
ACAGTT	0.866	0.817	0.825
ATGGTG	0.75	0.756	0.868
GGAAAG	1.014	0.863	0.955
CATGAT	0.867	0.816	0.822
TCAGGG	0.958	0.813	0.851
CGAGCC	1.745	1.936	1.782
ATATGG	0.854	1.305	1.147
CTCTTA	0.812	0.858	0.806
AACAGT	0.774	0.764	0.759
AGTAGA	0.628	0.732	0.683
GTGCAA	0.996	0.819	0.78
ACTGGG	0.898	0.954	0.838
GAGGAG	0.789	0.659	0.616
GTAAGC	0.785	0.786	0.822
AACTCT	0.789	0.865	0.894
GACTAT	0.95	0.914	0.975
TGCTGG	1.422	1.108	0.88
CACCCT	1.089	0.906	0.887
GAAGAG	0.742	0.682	0.694
TCATTA	0.736	0.74	0.678
TACTTG	0.983	0.995	0.992
ACCCCT	0.971	0.868	0.866
GCAGAT	1.018	0.812	0.768
CGTGCC	0.868	0.928	1.037
TGTGAA	0.881	0.974	1.114
TCTTCC	0.855	0.806	0.802
CGGGAT	1.738	1.453	1.48
AGCTTT	0.843	0.827	0.869
GCAGCA	1.002	0.83	0.817
ACGTGG	1.35	0.998	1.193
ATAGAC	0.912	0.955	0.893
AAGGGA	0.936	0.969	0.915
GGGCGA	1.558	1.37	1.405
AAAAAA	0.825	1.026	0.922
CAAAGA	0.818	0.879	0.8
CCTCAA	1.137	1.044	1.067
CCTCGA	2.362	1.844	1.838
ACCTGT	0.883	0.865	0.873
GGCCAT	1.0	0.86	0.928
CAGAGT	1.028	0.833	0.884
CGAAGT	1.973	1.891	1.784
CACAGG	1.009	0.958	0.907
GGAGAG	1.043	0.874	0.858
TTCTCG	0.931	0.927	0.834
ATTGGG	0.83	0.96	1.026
AGGTGT	0.823	1.179	1.232
TCCAAC	0.724	0.688	0.762
CGGGCA	1.885	1.516	1.243
CCACTT	1.249	1.012	1.145
CGACCT	2.792	1.832	1.981
ACGCAC	1.259	0.774	0.866
CATGTC	0.763	0.792	0.828
CAACCT	0.938	0.928	0.904
GGTAAT	0.774	0.846	0.802
GCCTTA	0.878	0.788	0.816
CTGGCG	1.34	1.574	1.301
GATACG	1.143	0.96	0.993
GGCGGC	1.271	1.119	1.064
CTAGTG	0.814	0.79	0.784
TTATAT	0.7	0.867	0.864
ACATGT	0.875	0.832	0.728
CCCCCC	1.95	1.532	1.318
TCTATT	0.609	0.754	0.726
CTACGC	1.126	1.068	1.096
AGAAAA	0.772	0.978	0.95
AAATTG	0.791	0.915	0.858
CAGAGG	1.248	1.071	0.946
ACGGCT	1.254	1.005	0.983
CCGAGT	2.032	2.67	2.137
AACAGC	0.871	0.761	0.886
AAGATG	0.713	0.852	0.889
AGGACA	0.996	0.952	1.03
TTGTTT	0.646	0.795	0.839
TCCCAG	0.908	0.756	0.76
ACCTCA	0.83	0.795	0.789
GATGAA	0.881	0.858	0.878
CAAGCT	0.78	0.744	0.714
AAGAAG	0.675	0.85	0.855
GGCGTC	1.032	0.898	1.002
GTTGCC	0.763	0.785	0.855
CTACAA	0.844	0.77	0.81
CCCCAG	1.462	1.126	1.106
GAATGG	1.005	0.972	0.989
ATCGGC	0.818	0.902	0.916
TATCAT	0.786	0.796	0.874
CCTCTG	1.467	1.312	1.408
CCGGGG	1.308	1.643	1.49
TACCAC	0.944	0.905	0.847
GTCTCA	0.745	0.736	0.662
TACTCC	0.93	0.93	0.925
ACAGCC	0.984	0.819	0.716
GTGGGA	1.085	0.848	0.873
CACTGG	0.971	0.947	0.752
AGGCGC	1.372	1.323	1.277
CATGAC	0.911	0.835	0.843
GGTGGA	1.142	1.034	0.998
CGTATT	0.775	0.923	0.949
GGAGCC	1.232	1.023	1.056
AGTACA	0.768	0.703	0.744
AACATC	0.758	0.849	0.894
TGTTAT	0.903	1.092	1.178
GACCAA	0.851	0.77	0.79
GCCACT	0.874	0.796	0.827
TCGGCA	1.226	0.909	0.861
GGCGGT	1.2	1.043	1.03
CTAGCT	0.824	0.784	0.833
TATTCG	1.054	1.089	1.065
ACGCTT	1.335	0.9	0.965
TGCGGT	0.932	0.875	0.875
CGGTGG	2.322	2.028	1.489
CGTTTT	0.787	0.951	0.926
GTGTTG	0.924	0.845	0.883
TCTATC	0.668	0.751	0.75
CAGGTC	0.967	0.811	0.725
AGCCTC	0.857	1.049	1.038
CAAGGT	0.82	0.775	0.756
CCGGCA	1.591	1.544	1.203
GGATAT	1.186	1.027	1.09
TTTTCG	0.996	0.928	0.973
CTGCAC	1.0	1.05	1.016
TCTCCC	1.068	1.002	0.987
CGAGTT	1.181	0.97	1.028
TGGTCA	1.054	0.959	0.856
ATCTGC	0.799	0.79	0.859
GCACAG	0.976	0.724	0.721
CTCACC	1.006	0.886	0.844
AGTATA	0.773	0.885	0.813
CCCTTC	1.314	1.047	0.982
ACGATT	1.014	0.934	0.915
CTCAGT	0.914	0.84	0.889
TATTCT	0.793	0.922	0.867
AGCGTA	0.722	0.764	0.8
GGGAGA	0.975	0.81	0.806
ACTGGA	0.874	0.872	0.812
GGATTG	1.203	1.049	1.078
GTTTGG	0.867	1.02	1.009
ATGGGG	0.843	0.926	0.926
TGTGGA	0.963	0.938	0.942
GCTAAC	0.784	0.792	0.828
GTAGTG	0.826	0.68	0.66
CAGACC	0.943	0.79	0.755
AGACCG	1.235	1.761	1.807
AGCGGT	0.73	0.739	0.786
CCAACT	1.061	1.066	1.071
CATTTA	0.716	0.679	0.709
AGAGAG	0.869	0.798	0.798
TGTGTG	1.148	0.883	0.918
GCAGGC	0.949	0.738	0.726
TTTACG	0.918	0.853	0.859
CTTGTA	0.719	0.846	0.808
TCTCTT	0.813	0.864	0.864
GGCTTA	1.022	1.02	0.964
CGGCGG	2.636	1.763	1.609
ACGCTC	1.398	0.875	0.862
GGGGCC	0.931	0.804	0.883
GCTCAC	0.825	0.734	0.786
TCACCG	1.654	1.934	1.589
AACCGC	1.066	0.947	0.849
CTGTGG	1.118	1.256	1.121
GAGCCG	1.83	2.142	2.243
AAGTAC	0.788	0.831	0.819
TTACGC	0.946	0.98	0.86
CATTTG	0.828	0.772	0.81
GATATC	0.826	0.838	0.858
CAGAAA	1.018	0.978	0.925
TGTGTC	0.873	0.931	0.879
TCGTTG	1.027	0.968	0.927
ACAATC	0.788	0.713	0.642
GTACCA	0.937	0.832	0.876
GCCTTG	0.898	0.842	0.865
CAATTA	0.653	0.706	0.67
GAACCT	1.009	0.985	1.027
GTGCTA	1.262	0.904	0.935
CTGATT	0.945	0.969	0.92
AGTATC	0.669	0.738	0.713
CAGGTG	1.226	0.861	0.758
AGTCCC	0.966	0.966	1.031
TGGTCT	1.023	0.94	0.89
CAAGTG	0.996	0.82	0.786
TTAACT	0.666	0.776	0.752
GTAGTC	0.692	0.671	0.74
CCTACT	1.628	1.427	1.505
GAGGGG	0.765	0.634	0.594
TCAGCG	1.036	1.114	1.007
TGCATA	1.22	1.142	0.964
TATCTA	0.835	0.898	0.872
GAAATG	0.777	0.886	0.879
CACATC	0.78	0.752	0.747
GTTTAT	0.648	0.751	0.828
CTACAC	0.897	0.864	0.89
ACTCGT	0.853	0.992	1.115
TCGCAG	1.196	0.889	0.698
TTAGGT	0.796	0.867	0.816
CCCCCA	1.304	1.19	1.144
ACACCC	1.211	0.938	0.804
GCAGCG	1.354	1.108	0.898
CGCAAC	1.055	0.949	0.911
GCCACC	0.828	0.695	0.722
GCAGGG	1.128	0.848	0.886
ATACCC	0.956	1.262	0.982
CGGGAC	2.03	1.311	1.118
TATAGG	0.936	0.908	1.004
CTGGGG	1.101	0.972	0.853
CCCGTA	1.164	0.905	0.876
CGCTTC	1.281	0.943	0.868
GGGCGC	1.589	0.926	0.909
AACCGT	1.031	0.938	1.033
AACTAT	0.846	0.981	1.06
CATCCA	0.995	0.906	0.898
TTCCAG	0.822	0.72	0.664
AGGAAC	1.094	0.926	1.062
TCTAAC	0.712	0.794	0.78
CGTCTG	0.923	1.048	1.144
TGGCCA	1.644	1.184	1.15
AGTTGT	0.698	0.727	0.941
CCTTGC	1.321	1.141	0.954
ATATTT	0.676	0.838	0.762
ATTAAA	0.617	0.814	0.776
ATGCCT	0.984	1.024	1.24
CCGCGG	4.155	3.155	2.505
ATTCCA	0.688	0.801	0.863
CCTAGT	1.306	1.367	1.382
TTTTTG	0.701	0.776	0.796
GTACCG	1.987	2.792	2.218
GTGGGC	1.072	0.972	0.844
TACGGG	0.852	0.905	0.897
TGCCTT	1.269	1.006	1.028
TGGCTG	1.568	1.038	0.904
TATAGA	0.814	0.921	0.899
TCGCTA	1.12	0.999	0.887
GATCAC	0.867	0.736	0.85
TTAAAA	0.692	0.872	0.838
TCTCAT	0.681	0.687	0.703
CCATCT	1.042	0.987	1.043
TGGGCA	0.989	0.992	0.921
GGACCC	1.413	1.114	1.24
CGTTAC	1.103	1.015	0.984
CCGCAA	1.659	2.018	1.7
GTAGGC	0.985	0.812	0.836
CTATTA	0.731	0.766	0.716
GACTCC	0.976	0.838	0.904
TTTGTC	0.708	0.771	0.804
ACCACA	0.804	0.714	0.695
ATGATA	0.619	0.851	0.834
GATTTT	0.76	0.826	0.786
ATTAGA	0.585	0.69	0.745
CGCAGA	1.158	0.974	1.137
TCAACT	0.779	0.745	0.699
GTGTAT	0.986	0.812	0.989
CGAATG	1.425	1.457	1.942
GCATGT	0.806	0.799	0.774
CCCAGG	1.886	1.15	1.223
AGAGCC	0.784	0.789	0.868
GAAAAA	0.833	0.895	0.861
CCGGTC	1.332	1.192	1.234
GTGCTT	1.335	1.002	1.08
CAGGGT	0.953	0.855	0.816
TCAGGC	0.906	0.814	0.784
TTCCCG	1.393	1.779	1.502
CCTGAT	1.592	1.49	1.686
TTGACG	0.967	0.864	0.9
GACATC	0.798	0.79	0.839
TTGGGT	0.729	0.792	0.868
CATACA	0.921	0.798	0.782
CTGTCC	0.964	0.926	1.036
CCTCTC	1.373	1.326	1.255
TTCACC	0.71	0.713	0.754
CCGACG	3.055	2.619	2.167
ATGTGC	0.819	0.968	1.046
GCGACT	1.328	1.25	1.08
GAATCG	1.062	0.914	0.935
GGCGAT	0.953	0.824	0.836
CCCCTT	1.385	0.996	1.094
TATGGA	0.912	0.964	1.023
CGTCGT	0.962	0.91	1.033
AGTGGA	0.766	0.768	0.82
TTGAGG	1.004	0.94	1.028
CACTCC	0.804	0.717	0.806
ATGGTC	0.701	0.858	0.941
TCATGC	0.926	0.836	0.844
ATCTGT	0.55	0.769	0.805
TTTCAT	0.801	0.854	0.805
TTGCCA	0.994	0.966	1.03
CCGTGT	2.149	2.548	1.955
TATGAG	0.89	0.911	0.965
GGGTGG	1.052	0.928	0.951
GATACA	0.955	0.904	0.87
CCAAGA	1.168	1.104	1.139
AGACAT	0.8	0.845	0.796
GAGGTA	0.967	0.774	0.814
ATCCCA	0.664	0.77	0.828
TTAATG	0.605	0.76	0.782
CGGGTA	1.055	1.125	0.927
CGGCCA	3.729	2.118	1.997
CCGGAT	1.554	1.512	1.575
CTGGAC	0.912	0.834	0.863
ATCAGA	0.628	0.741	0.762
TCGAGC	1.038	0.931	0.903
TCGCGC	1.212	0.938	0.741
AGCCAC	0.672	0.664	0.925
GGCTGG	1.139	1.193	1.128
ATCGGG	0.758	0.881	0.881
TCGATG	1.04	0.964	0.988
CGGCAG	3.21	2.286	1.592
CTCAAT	0.89	0.949	0.906
CCCGAC	1.613	1.173	1.336
GCGTTC	0.971	0.905	0.879
ACAGTC	0.91	0.861	0.851
GTGACA	1.204	0.938	0.966
TACCGT	0.939	0.902	0.892
ACGGAA	1.165	0.966	0.954
GAACTA	0.901	0.831	0.874
GCTAGC	0.877	0.748	0.77
TATTTG	0.725	0.847	0.898
GATAGA	0.921	0.956	0.938
TTACTT	0.776	0.861	0.823
GACCAC	0.881	0.715	0.832
GGTAAA	0.9	0.944	0.895
AACCAT	0.758	0.704	0.754
CAATAT	0.736	0.845	0.81
CAACTT	0.93	0.833	0.698
GAGTTT	0.856	0.931	0.915
CACCTT	1.015	0.785	0.788
GAACGG	1.284	1.074	0.978
CGCGAC	0.946	0.728	0.851
CCTCAT	1.214	1.039	1.067
CGTGAA	0.994	0.937	1.015
TTGCTA	0.849	0.866	0.903
TGCTGT	1.374	1.056	1.204
GCATTC	0.919	0.771	0.771
CTACGA	1.43	1.816	1.634
ATGCAA	0.621	0.71	0.734
TGCAGC	1.434	1.089	1.232
GCCCGA	1.238	1.237	1.1
GTCGCC	0.749	0.764	0.743
GAAAAG	0.759	0.802	0.812
CAAGCC	0.794	0.757	0.702
ACGGGG	1.09	0.909	0.901
GCTACC	0.774	0.732	0.73
TGTACC	0.854	0.806	0.802
CCAAAT	1.102	1.14	1.134
GCCTTT	0.869	0.844	0.813
TTATGC	0.941	0.97	1.047
GCGTGT	0.875	1.114	0.873
TTTCAG	0.904	0.827	0.701
GAACCG	1.4	1.56	1.487
AGGCGG	1.084	1.403	1.098
CGGGCT	1.504	1.118	1.046
TATTGT	0.777	0.922	0.899
CTCTCT	0.899	0.869	0.919
AAGAGG	0.813	0.91	0.874
GCCCAT	0.761	0.689	0.705
TCCATT	0.708	0.742	0.756
AGACTA	0.876	0.873	0.873
CACGAG	1.083	0.826	0.82
CGCAAA	0.948	0.908	0.877
CTGAGA	1.271	1.434	1.249
AGTTTA	0.718	0.752	0.723
AAAAAT	0.759	0.926	0.844
GGTCCT	1.282	1.225	1.296
ATGAAA	0.656	0.898	0.905
ACGCCA	1.414	0.977	1.07
ACTTGG	0.973	1.095	1.007
TCTGGA	1.073	0.964	0.874
ACCCTA	0.805	0.753	0.767
CCGCTA	1.467	1.212	1.253
CACTTC	0.942	0.75	0.777
TTATTT	0.588	0.727	0.71
TCCAGG	1.041	0.914	0.893
TTTTCT	0.658	0.748	0.77
TTCCAC	0.732	0.758	0.847
CCAGAA	1.132	1.012	1.073
GGAGGG	1.328	1.074	1.054
AACAAG	0.649	0.772	0.782
CAAGCA	0.933	0.752	0.73
ACGTTC	1.147	0.863	0.93
CCGACA	2.411	2.448	2.071
GAAGGG	0.896	0.85	0.815
GTATAT	0.935	0.78	0.823
CGTGCG	0.85	1.0	1.167
ACGGCC	1.292	0.896	0.852
ATTGGT	0.629	0.859	0.869
AAGCCT	0.938	1.047	1.097
GGGCTT	1.253	0.868	0.996
AGCGCG	0.919	1.021	1.223
CTGTCA	1.137	1.064	1.047
TCCTTT	0.88	0.864	0.842
CCGGTA	1.431	1.267	1.217
CTCAGC	0.92	0.986	1.057
CGAGAG	1.966	1.448	1.276
GGACAT	1.086	0.874	0.844
ACTGCG	0.908	1.058	1.0
CCACAG	1.362	1.016	1.071
GCGGAT	0.918	0.92	0.89
GGCCCA	1.171	1.117	1.205
GATATG	0.826	0.845	0.883
TTTATT	0.619	0.75	0.746
GGCAGG	1.421	1.034	1.057
CACACC	0.795	0.696	0.731
ACGTGT	1.191	1.143	1.013
TTTAGG	0.935	0.932	0.97
GACAGA	0.934	0.89	0.912
AATTCG	1.014	0.977	0.902
TCCTAC	1.171	1.018	1.169
GGTCCC	1.354	1.291	1.204
CTAACT	0.816	0.858	0.812
TGCCCT	1.235	1.098	1.259
TGCCTC	1.225	1.078	1.28
CCTCAC	1.228	1.135	1.15
GGCCAG	1.276	0.91	0.906
GGCCAA	1.046	0.927	0.837
CGTCCC	0.817	1.026	0.951
ATCCGA	1.069	1.067	1.128
CCTAGA	1.433	1.289	1.357
AGAATG	0.678	0.831	0.887
ACGAAA	1.077	0.968	0.951
TTATGG	0.829	1.011	0.89
CCTTAT	1.4	1.29	1.358
ACCGGT	0.776	0.787	0.771
GGGCCT	1.416	1.224	1.39
ATTCAG	0.631	0.724	0.708
CCACAA	1.09	0.887	0.958
CTTCAC	0.894	0.819	0.87
TCCAAA	0.815	0.872	0.862
TACGGA	1.049	0.944	0.86
AAGAAA	0.729	0.893	0.907
TCCACA	0.898	0.775	0.708
CGTTCG	1.094	1.015	1.001
GAAACA	0.958	0.838	0.782
GCTAGG	0.937	0.844	0.857
ACAGAA	0.997	0.774	0.773
ATGCGT	0.695	0.949	1.092
AAGCCA	0.858	0.974	1.001
CGAAGG	1.646	1.913	1.893
GGTCGT	0.969	0.975	0.99
CAGGCA	1.173	0.79	0.766
GATAAC	0.807	0.857	0.867
AGACTG	0.978	1.042	1.062
GAGTCT	0.922	0.904	0.89
ACTCAA	0.655	0.69	0.712
GGTGTC	0.989	0.948	1.053
CATGGC	1.002	0.848	0.826
GTCTTA	0.631	0.781	0.79
ACCGGC	1.006	0.925	0.84
TATTAT	0.73	0.892	0.907
CGCTTA	1.123	0.882	0.998
ACGCCT	1.518	1.154	1.148
AGCGAC	0.793	0.775	0.882
ACGACT	1.266	0.934	0.851
ATGTGT	0.628	0.818	0.893
CTGTAC	1.157	1.094	1.026
CCGGAA	1.584	1.334	1.339
CCACCT	1.368	1.256	1.258
GCGCGT	1.095	1.116	1.25
CTGAAA	1.154	1.396	1.244
TGCCTA	1.434	0.932	1.126
GTAGCC	0.936	0.822	0.848
CAGCTG	1.258	1.005	0.928
GACGTT	0.799	0.8	0.856
CTAACG	1.108	0.92	0.855
ATAAAT	0.68	0.832	0.745
GGACAC	1.074	0.929	0.926
GCTCGT	0.911	0.906	0.923
CCGTTC	1.607	1.969	1.671
GACCCG	1.415	1.464	1.32
CGGACT	1.592	1.487	1.486
CCCGAT	1.558	1.368	1.37
GCATTG	0.906	0.74	0.772
TGCGAA	0.944	0.972	0.944
ATATGT	0.666	0.873	0.93
AAAATG	0.7	0.849	0.81
ATGTCA	0.697	0.767	0.759
ACGCGC	1.591	1.019	0.995
GTTCTT	0.745	0.802	0.823
CCGCAT	2.013	2.506	2.088
ACCGTG	0.934	0.835	0.855
CAGCAT	1.17	0.801	0.757
GACCTA	1.005	0.859	0.892
AGGAAA	0.928	1.13	1.08
CGAGCA	0.967	1.054	0.915
GCCAAG	0.739	0.732	0.777
TTCCGT	0.852	0.832	0.966
GCTTAT	0.844	0.826	0.881
ACCCGT	0.728	0.769	0.757
TTAGAA	0.724	0.798	0.77
ACAGGT	0.972	0.814	0.741
AGCCGC	1.133	1.058	1.02
GTTTTA	0.605	0.7	0.692
ATCAAG	0.52	0.686	0.733
GAGGGT	0.816	0.742	0.77
TTGCGG	1.167	1.154	1.224
GGGTAC	1.085	0.872	0.936
ACTACT	0.76	0.833	0.822
CCTCGG	2.721	1.678	1.62
CCAGCA	1.186	0.926	0.99
TTACAG	0.782	0.787	0.779
TTGTGG	0.948	1.094	1.052
CTGTGC	1.424	1.109	1.186
ACGTCA	1.306	0.856	0.821
CAGTGT	0.917	0.792	0.758
AGTCTA	0.676	0.782	0.77
ACAATG	0.814	0.763	0.742
TGCTCA	1.247	1.004	0.952
TCAGCA	0.861	0.794	0.72
TATCAG	0.884	0.882	0.84
CACGTC	0.83	0.722	0.748
TCCATC	0.762	0.763	0.744
CAACGG	1.096	1.023	0.991
TCAAGA	0.813	0.833	0.738
AATAAT	0.578	0.712	0.641
GCCATA	0.909	0.872	0.84
TTGGGC	0.969	0.878	1.024
TATATC	0.661	0.762	0.875
CAAGTA	0.816	0.702	0.668
AATTTC	0.774	0.853	0.865
ACTAGG	0.932	0.926	0.89
GCGGTT	0.944	0.806	0.855
TTGTCG	1.003	0.919	0.918
GTGCGG	0.959	1.074	0.91
AACACA	0.848	0.776	0.703
TGTCTA	0.876	0.836	0.829
AGCTTC	0.795	0.795	0.936
AAAAGT	0.829	0.968	0.892
CGTATG	0.81	0.862	0.991
TTATTC	0.656	0.757	0.71
TTGAAC	0.721	0.795	0.836
CGCCAG	1.045	0.746	0.663
AACGCG	1.068	0.976	0.826
TACGCG	0.98	1.073	0.958
AGTGTT	0.622	0.734	0.815
TATGAT	0.78	0.899	0.914
GGGGCT	0.956	0.89	0.79
CCGTTG	1.594	2.327	1.903
ACCGGA	0.906	0.768	0.871
GGAGTT	1.134	0.876	0.883
CTGAGC	1.081	1.134	1.167
TACTCG	1.232	1.064	1.02
GGGAGG	1.208	0.955	0.949
GTCCGA	1.483	1.41	1.231
TGTGGG	0.893	0.939	1.014
TCGAGT	1.04	0.881	0.754
CCTGCT	1.307	1.187	1.345
CAGACA	1.078	0.853	0.793
GATTCC	0.896	0.858	0.901
CACGCG	0.973	0.72	0.765
CATGGG	1.054	0.902	0.913
TCAAGT	0.816	0.736	0.705
TGCGAG	0.986	0.952	0.881
AGCAGC	0.763	0.702	0.791
CCGTCG	2.448	3.137	2.324
TCACCC	1.234	0.956	0.881
GTCATG	0.629	0.742	0.806
TGGGCG	1.079	1.01	0.988
TTCCGG	1.036	1.126	1.238
GGGCAA	1.027	0.857	0.792
GCGTAC	1.027	1.032	0.918
TCCATA	0.864	0.825	0.833
CGTCCA	1.005	0.98	1.054
GGCATT	1.054	0.964	0.918
GCAGTC	0.926	0.801	0.79
TGTAGC	0.834	0.734	0.949
TGGATT	0.948	0.986	0.96
CAGTTT	0.902	0.845	0.794
TGCATG	0.958	0.936	0.904
GAAGAA	0.764	0.755	0.776
ACATCC	0.955	0.739	0.676
TGTTCC	0.966	0.949	1.011
AATTAT	0.752	0.973	1.072
GTCCGC	1.019	0.98	0.93
GGGCAG	1.426	0.824	0.926
GAAAGT	0.773	0.753	0.81
AGATCC	0.892	0.854	0.901
ACGAGT	1.154	0.964	0.958
ACGGGA	1.243	1.034	0.989
AAGACA	0.807	0.786	0.804
ATGCTC	0.779	0.818	0.855
ACTATT	0.629	0.713	0.697
CCAAGT	1.112	1.087	1.159
GCTTGT	0.762	0.814	0.827
CCCACC	1.468	1.089	1.039
CTCACA	1.031	1.04	0.976
CAACGA	1.424	1.284	1.293
TGTACT	0.864	0.94	0.871
TCCGCG	0.974	1.085	0.96
CAGATT	0.926	0.874	0.898
GACGCC	0.951	0.799	0.846
GCCCCG	1.35	1.89	1.595
CAAATG	0.755	0.818	0.814
GAGTGC	1.099	0.984	0.978
GCACAA	0.831	0.708	0.653
GGTTTC	0.837	0.808	0.812
CATACG	1.046	0.868	0.794
GGTCTT	1.078	0.966	0.948
CCATTG	1.04	0.973	1.003
CGTCTA	0.793	0.927	0.885
GCTTCA	0.924	0.77	0.783
CATATC	0.751	0.748	0.691
AATCCT	1.108	1.268	1.294
CAGGGG	1.024	0.864	0.728
TTGATG	0.729	0.876	0.94
CGAGAC	1.3	1.42	1.427
CGCGAT	1.062	0.916	0.978
ACTTTA	0.694	0.753	0.697
CCCTCG	2.027	1.157	1.195
CTTCGG	1.434	1.282	1.433
ACTCTA	0.756	0.761	0.776
TTACTG	0.912	0.937	0.952
GAACAG	0.832	0.776	0.73
AAACAC	0.806	0.926	0.882
CGTCAA	0.736	0.752	0.789
TCGAGA	1.023	0.905	0.791
TGTGGC	0.92	0.896	0.908
AACCCG	1.407	1.458	1.394
CGAAGA	2.416	2.25	2.095
GTCCAG	0.834	0.722	0.701
AACATG	0.624	0.729	0.742
TACACC	0.85	0.788	0.818
AAGCTG	0.924	0.956	0.927
TATACA	0.843	0.777	0.759
GCTGTT	0.792	0.814	0.857
TACGTA	0.789	0.788	0.793
GCAGAG	0.98	0.764	0.717
CTTCCG	2.079	2.47	1.979
ATGAAC	0.629	0.788	0.815
ACGGTC	1.099	0.903	0.922
ATGAGC	0.691	0.834	0.865
CTAGTA	0.739	0.747	0.746
GGACCT	1.319	1.173	1.295
AGGCTT	1.086	1.115	1.095
CTGAGG	1.351	1.363	1.351
ACAGGA	1.188	0.87	0.89
ACCATC	0.586	0.663	0.62
TCTCGG	1.184	1.189	1.118
ACCCTT	0.856	0.751	0.752
CCCTGT	1.643	1.414	1.333
ATGTCT	0.634	0.744	0.806
ACGCAA	1.265	0.896	0.848
CAGTTA	0.922	0.863	0.829
GTCCCC	0.969	0.842	0.941
AGAGCT	0.798	0.801	0.786
TTACTA	0.731	0.807	0.788
GTAATT	0.745	0.755	0.745
AACCCA	1.013	1.056	1.113
AAAACC	0.755	0.86	0.797
TGCGAC	0.956	0.909	1.02
CTGCTT	1.123	0.964	0.888
CGCTCT	1.261	0.964	0.926
AAGTCG	0.981	0.896	0.868
CCAGGC	1.535	1.224	1.375
TCTACT	0.723	0.742	0.756
TGCTTT	1.268	1.04	0.962
ACCAAG	0.69	0.774	0.762
ATCTAC	0.812	0.865	0.936
CTTAAT	0.8	0.853	0.758
GACCAT	0.838	0.723	0.746
GCTGCA	1.007	0.834	0.867
CCGACC	2.138	2.006	1.933
GGACGC	1.376	1.169	0.99
TTAAGC	0.819	0.769	0.851
ACTGAT	0.805	0.826	0.826
ATTCTG	0.832	1.085	0.959
GGGATG	1.099	0.988	1.011
ACATTT	0.777	0.776	0.685
CAGCTA	1.032	0.852	0.802
CCACTG	1.6	1.188	1.186
TTTCAA	0.704	0.746	0.694
CCTGCC	1.179	1.059	1.138
CCGGAG	1.629	1.485	1.443
GGCCGT	0.977	0.954	0.984
AGACTT	0.946	0.927	0.942
TTCCTA	0.842	0.775	0.786
TTCATT	0.684	0.736	0.732
ATACTT	0.94	0.937	0.941
CAAACG	1.053	0.814	0.732
ACCGAC	0.723	0.742	0.826
GGGTCG	1.204	0.971	0.994
GACCGC	1.305	0.923	0.942
GGGGAG	0.732	0.761	0.78
CAAAGG	0.945	0.871	0.827
TTTGTA	0.668	0.745	0.763
ACTTGT	0.778	0.961	0.9
CGCCAC	1.021	0.861	0.937
ATGCTT	0.755	0.835	0.859
ACTAGT	0.716	0.74	0.768
AGCCCC	1.098	0.907	1.047
AGGAGT	0.968	1.164	1.268
TTTGCC	0.793	0.839	0.899
TGCGTT	0.935	0.945	0.995
CGTCGA	0.917	1.529	1.34
GTATGG	0.932	0.957	0.873
TGCCAT	1.181	1.0	0.932
ATTCTC	0.868	0.913	0.857
GCGTTG	0.892	0.958	0.89
ACCTTA	0.725	0.76	0.713
CTACCT	1.05	0.98	1.078
GATGAC	0.91	0.795	0.849
GTCTAC	0.941	0.849	0.938
CGCCTA	1.309	0.87	0.809
TGTTGT	0.827	0.885	0.876
TCCTGT	0.906	0.887	0.996
TGTGCG	1.095	1.088	0.991
CGCTCG	1.587	0.832	1.004
GCGATA	0.943	1.21	0.893
TATGGC	0.986	0.95	1.002
GACATA	0.803	0.846	0.784
AGTTCT	0.759	0.833	0.913
TTCCAA	0.752	0.739	0.718
TTGTTG	0.73	0.786	0.856
GCTATA	0.895	0.921	0.822
CGCGGT	1.027	0.917	0.836
GAGCCA	1.178	1.022	1.081
CATGCG	0.999	0.915	0.955
TGTATG	0.866	0.919	1.071
CCGCGT	2.456	3.201	2.524
GTCGAG	0.813	0.753	0.796
CTCAAC	0.964	0.874	0.839
GTCTTC	0.721	0.768	0.882
GCAGAC	0.99	0.815	0.831
TTTACT	0.663	0.774	0.778
CTCCCA	1.038	0.918	1.07
TGGACT	0.962	0.968	0.912
CCACCA	1.304	1.17	1.281
ATCAAC	0.534	0.666	0.683
GCGCTA	0.978	0.825	0.725
ATCTAT	0.658	0.791	0.846
CCTCCC	1.85	1.482	1.626
TCCGTA	0.778	0.742	0.774
TGTGAT	0.821	0.961	0.963
ACAACA	0.96	0.768	0.754
AGAATT	0.685	0.848	0.852
AGTACT	0.706	0.76	0.764
TTGTAC	0.893	0.889	1.009
CCACTA	1.231	0.997	1.048
AGAACT	0.766	0.804	0.85
CGAGGG	1.984	1.918	1.536
CGTCCT	0.822	1.106	1.097
CGCACT	0.97	0.83	0.752
ACCGTT	0.65	0.689	0.784
GGAAGG	1.213	1.088	1.091
GCATCC	1.021	0.795	0.776
GTACAC	0.884	0.857	0.917
TCCCCT	0.85	0.822	0.889
GAATGT	0.8	0.792	0.842
CGTTTC	0.887	0.782	0.916
GCCCTG	1.083	1.289	1.022
GCTCTA	0.808	0.699	0.719
TTAGAG	0.754	0.732	0.773
TATGAA	0.776	0.894	0.941
CCAACG	1.52	1.227	1.216
AAGAGC	0.75	0.791	0.809
CCGATA	2.091	2.025	1.547
AGCGTT	0.706	0.697	0.864
ATGCAC	0.674	0.77	0.782
GTATCA	0.908	0.71	0.78
CACATA	0.807	0.754	0.829
GATTGG	1.09	0.944	0.972
GCGTCT	1.06	1.221	1.083
GATGGG	1.241	0.976	1.067
CTACAT	0.89	0.902	0.854
CCCGAA	1.473	1.104	1.194
ATGTGG	0.665	0.893	0.89
AAGAGA	0.724	0.876	0.867
CCAAAC	1.112	1.088	1.17
AGCATT	0.651	0.689	0.73
AATCGC	1.274	1.244	1.332
GGCGCC	1.191	1.03	1.063
TGCCGA	2.024	2.299	2.347
ATAGCT	0.839	0.958	0.85
TTACGG	0.87	1.177	1.09
AGGGCT	0.839	0.94	0.854
ATGGAC	0.665	0.817	0.884
CTGTGT	1.015	1.039	0.905
GTTCTA	0.706	0.752	0.8
CTGCGC	1.348	1.496	1.328
GGTAAG	0.794	0.786	0.776
TCATGG	1.056	0.935	0.825
GGGGGG	0.627	0.765	0.636
ATTCAA	0.541	0.719	0.73
TTCTGG	0.945	1.052	1.009
CCTGCA	1.387	1.231	1.325
CCACAC	1.182	0.988	1.074
CACACT	0.796	0.774	0.806
GCTAGT	0.806	0.726	0.804
AGGGTC	0.769	0.884	0.999
TCTCTA	0.806	0.805	0.767
CGCGCA	0.838	0.986	0.84
GGCCAC	1.081	1.011	1.076
CTTACG	0.871	0.928	0.922
CTCTGC	1.424	1.188	1.179
AGTCCA	0.832	0.881	0.974
CATCGA	1.393	1.169	1.116
AAACTT	0.889	0.915	0.909
AGCAGA	0.71	0.78	0.792
AGAGGG	0.95	0.834	0.774
TCATCT	0.722	0.694	0.69
CACTTA	0.943	0.805	0.76
GCAGTA	0.958	0.72	0.759
GTGGTG	1.068	0.83	0.834
CAATTG	0.753	0.782	0.766
ATAGGG	0.895	1.049	0.906
CCATAC	1.235	1.094	1.082
TGTACG	1.219	0.994	0.86
ACCCTC	0.791	0.903	0.815
GCTAAG	0.742	0.81	0.825
CATTAC	1.03	0.909	0.934
GAGCAC	1.031	0.839	0.868
TTCAGG	1.087	1.074	0.986
CCTCTA	1.274	1.029	1.104
GTCCCT	0.866	0.865	0.89
CGGATC	1.615	1.292	1.142
AATCTG	1.024	1.037	0.93
GATCTC	1.124	0.982	0.93
GCGCGG	1.286	1.23	1.125
AACGAG	0.88	0.834	0.824
CCCCTC	1.552	1.243	1.162
CACCGT	0.899	0.867	0.863
GATTCA	0.868	0.805	0.792
ACTGCT	0.746	0.822	0.842
CGTTCT	0.918	0.887	0.934
CGCAGG	1.149	1.098	1.067
TCGGAA	1.156	1.0	0.922
TCGGAC	1.114	0.938	0.972
ATTATC	0.554	0.694	0.75
ATTAGT	0.524	0.668	0.75
ATCGAC	0.64	0.712	0.806
TTGACC	0.731	0.819	0.839
CTAAGA	0.878	0.845	0.841
GTAGAA	0.828	0.718	0.674
TTCCCT	0.983	0.967	1.011
TCTAAG	0.795	0.843	0.863
AGGCGA	1.307	1.611	1.442
GATTTA	0.852	0.872	0.843
GGGCGT	1.341	0.964	0.897
TTTAAC	0.614	0.734	0.751
CATTTC	0.714	0.744	0.722
CGGGTC	1.254	1.308	0.941
TTTATA	0.807	0.881	0.758
GATCCC	1.286	1.086	1.123
GCTTTA	0.75	0.728	0.717
CCATAT	1.105	1.013	1.078
ACGACG	1.432	0.935	0.91
TTTTAT	0.709	0.816	0.87
TACGAC	0.906	0.831	0.881
AGAGTT	0.755	0.858	0.892
GTTGCG	0.726	1.022	0.957
TGGTGT	1.01	0.955	0.922
AGATAC	0.857	0.854	0.863
CCGCGC	3.017	2.705	2.342
CGTAAT	0.874	0.944	0.95
CAAACT	0.704	0.731	0.657
GCTGTA	0.822	0.716	0.787
ACTCCC	1.025	0.902	0.85
GGTCTC	1.208	1.064	0.942
GAGGTC	0.949	0.806	0.861
CCGCCT	2.461	2.996	2.473
AAAGGG	0.958	1.052	0.965
CTCCCG	3.298	5.82	4.625
GGATCC	1.225	1.027	1.024
CTGGCA	1.247	0.994	0.868
TCGAGG	1.238	1.138	0.943
TTCGAG	0.882	0.826	0.78
GAGGAC	0.882	0.72	0.758
GTACTA	0.88	0.756	0.84
AAATCG	1.058	1.044	0.947
TTTTTT	0.601	0.693	0.684
CACTTT	0.906	0.852	0.85
GTTAAG	0.569	0.714	0.725
GTCTTG	0.775	0.873	0.893
CTACTA	0.969	0.937	0.885
GACGTA	0.884	0.72	0.838
GTCTGG	0.945	1.029	1.048
GTAATA	1.068	1.03	0.938
TACCCC	1.075	1.037	0.998
ATCAAA	0.606	0.791	0.754
GTTCGA	1.303	1.485	1.342
GACGAA	0.893	0.775	0.837
CTCCAC	0.943	1.01	0.962
TCATAT	0.792	0.786	0.712
TGTTAA	nan	9.548	8.76
TCGACC	0.972	0.789	0.716
GTTGAA	0.726	0.778	0.797
CTAAAC	0.768	0.806	0.799
TGGCTC	1.419	1.072	0.976
ATAGCA	0.915	0.947	0.833
CAATGC	1.003	0.921	0.9
ATACCA	0.951	1.01	1.024
CGGACA	1.788	1.581	1.136
AGCCCA	0.852	0.851	0.855
TGTGAG	0.974	1.08	1.168
CCGTGC	2.252	2.387	2.288
AGTCGA	1.145	1.393	1.372
GTCAGG	0.846	0.7	0.719
AAGCTC	0.936	0.902	0.854
CGCTCC	1.194	0.88	1.072
CGGATA	2.226	1.962	1.633
CCTTTT	1.142	1.106	1.116
GGTGCG	1.173	1.057	1.162
CTGCGT	1.171	1.066	1.185
TCGGCG	1.37	1.545	1.278
GCGGGC	0.89	0.796	0.797
GATCTG	1.16	1.119	1.024
CAGACT	0.921	0.722	0.782
ATCCTA	0.724	0.772	0.742
CAGCGG	1.491	1.159	0.92
ACAGAG	0.991	0.792	0.762
GACTCG	1.15	0.904	0.907
TACGGC	1.168	1.038	1.052
CGATCT	1.964	1.805	1.732
TTAACA	0.684	0.743	0.713
CAATCC	0.804	0.772	0.748
GCCAGC	0.941	0.656	0.754
GCGAAG	0.944	0.962	0.904
CGGTAT	2.212	1.768	1.618
CCAGTT	0.95	0.976	1.016
CTTGGG	1.095	1.008	0.991
ACACAA	0.788	0.73	0.662
TGTCAG	0.841	0.786	0.742
TTTGCG	0.951	1.059	0.985
TGGAAG	0.871	0.958	0.886
ACCCAG	0.639	0.701	0.698
ACTCGG	1.048	1.286	1.031
TGTATA	0.912	1.077	1.1
CGGTGT	1.624	1.559	1.469
CACTTG	1.028	0.898	0.904
ATCACG	0.797	0.748	0.759
ATGCCA	0.901	0.901	0.971
AGAGTA	0.704	0.789	0.77
ACTAAT	0.693	0.742	0.745
TGTTTC	0.812	0.851	0.882
GCCGCC	0.868	0.767	0.762
CGGCGT	4.018	3.402	2.395
CTCCGA	2.736	2.1	1.919
ATGCTA	0.732	0.783	0.766
TCCACC	0.661	0.681	0.682
CACCTA	0.894	0.742	0.784
CTGAGT	1.318	1.165	1.028
AGCCGT	0.772	0.663	0.813
TCGTTA	0.952	0.916	0.802
TGCTTC	1.214	1.04	1.048
TCCCGA	1.131	0.968	0.936
AAAGCC	0.916	0.889	0.899
CCAATA	1.076	1.012	0.917
CCGCGA	3.021	4.06	3.178
CCATGC	1.456	1.066	1.045
GTCGAT	0.696	0.769	0.787
TGTAAG	0.772	0.973	0.954
AATATA	0.841	0.912	0.815
CCGCTT	1.742	1.667	1.326
GAAACT	0.826	0.814	0.836
CGTCGG	1.048	0.974	1.024
AGCAAA	0.681	0.865	0.841
GGTTGC	1.353	1.099	1.149
ATCGCC	0.669	0.744	0.775
TTAGCC	0.765	0.81	0.762
GCGTGG	0.89	0.898	0.883
GTAGAC	0.804	0.734	0.726
AGCCAA	0.747	0.772	0.839
CTTACT	0.843	0.87	0.766
CAGGTA	0.929	0.841	0.806
TTTGGC	0.913	0.936	0.829
GCCTTC	0.851	0.784	0.8
CATAGA	0.872	0.878	0.856
AGCACT	0.695	0.741	0.77
GCGCAG	0.925	0.775	0.764
TCCCGT	0.746	0.736	0.762
TTACAC	0.692	0.795	0.788
GTTGAT	0.668	0.772	0.846
TCGGGA	1.019	0.968	0.914
TTAGCA	0.788	0.778	0.742
GCGTTA	0.84	0.809	0.735
GTTTTT	0.582	0.721	0.74
AAATTC	0.736	0.851	0.857
GGAGTG	1.494	0.944	0.977
GGCCTA	1.347	1.1	1.032
CATCGT	0.894	0.865	0.863
ATGTTG	0.633	0.719	0.794
ACTCTC	0.897	0.893	0.801
CTATGG	1.006	1.096	1.116
CAGAGA	0.94	0.966	0.927
CCAGTG	1.265	1.069	1.129
TGGACA	1.038	0.825	0.86
ATTACG	0.714	0.772	0.794
AACACG	0.917	0.746	0.773
AGTTAC	0.912	0.924	0.919
TGCCGG	1.788	1.822	1.704
TTACTC	0.904	0.881	0.839
TTCTTT	0.74	0.788	0.827
AGGCTA	0.984	0.911	0.935
ACTACG	1.034	0.816	0.949
GAGATT	0.91	0.86	0.886
TTCCCA	0.8	0.819	0.899
ATGGCG	0.894	1.034	1.051
ATGACG	0.793	0.844	0.763
ATATAC	0.908	0.974	0.896
TCTTGC	1.063	0.946	0.914
GTGTTC	0.928	0.844	0.84
AGTTCG	0.992	0.986	0.873
CTGCCG	2.279	3.258	2.823
AGAATC	0.712	0.833	0.881
TACCCT	0.997	0.966	0.995
AATAGG	1.036	1.062	1.068
AGTGGG	0.6	0.755	0.721
TCCGAG	0.968	0.81	0.854
TATCAC	0.788	0.836	0.856
GTGCGC	1.138	0.988	0.878
CACCAA	0.777	0.756	0.638
GATGAG	0.895	0.84	0.852
ACTGAC	0.814	0.758	0.839
TTAGGA	0.923	0.886	0.85
CTTCAT	1.013	0.928	0.873
AAGGAC	0.782	0.809	0.844
TCGACG	1.17	0.953	0.886
TGCTCG	1.335	1.139	1.065
AAAGAG	0.906	0.925	0.891
ACATGC	1.278	0.893	0.795
AAGCGT	0.768	0.86	0.904
TATGCA	0.91	0.862	0.858
ATCCAA	0.52	0.644	0.645
AATACA	0.847	0.779	0.748
GCATAC	0.955	0.82	0.822
CCCTAT	1.65	1.374	1.375
AGTCTG	0.848	1.041	0.878
ATAGGA	0.935	1.127	1.024
AGATTG	0.778	0.906	0.92
CGTACG	0.892	0.973	1.051
GTGCTC	1.199	0.869	0.894
AAGGTC	0.668	0.794	0.813
ATTTGG	0.759	1.042	1.043
CGAAAA	2.199	2.79	2.368
TGTTGC	1.31	1.123	1.056
TTGAGT	0.741	0.874	0.922
TATGCG	0.924	0.966	0.883
GGGACT	1.194	0.983	0.967
AGGCCC	1.268	1.197	1.389
AACCTA	0.944	0.88	0.856
ACACTG	1.215	0.937	0.859
TCCCTA	0.925	0.806	0.803
CGTGCT	0.802	0.842	0.893
GTCCCA	0.762	0.728	0.802
GAGTCG	1.159	0.962	0.915
TTCGCT	0.752	0.82	0.884
TCGATT	0.895	0.888	0.884
CCTAGG	1.676	1.433	1.388
CTACAG	1.134	1.007	0.941
ACCCGA	1.177	1.112	1.003
GGAACC	1.28	1.101	1.052
CCACCC	1.408	1.148	1.276
TCTTTC	0.718	0.802	0.808
GAGTAT	0.878	0.842	0.913
AATTCT	0.755	0.85	0.819
TCTCGT	0.832	0.845	0.894
CTACCA	1.011	0.906	0.899
TCTATG	0.811	0.896	0.85
TGTTTG	0.849	0.992	1.001
TGCACA	1.139	0.858	0.919
AGAACG	0.927	0.714	0.824
CGGAAT	2.063	1.623	1.399
ATGGCT	0.744	0.874	0.909
GTGCAT	0.916	0.786	0.808
GAATAT	0.83	0.82	0.886
TGCCAC	1.121	0.962	0.988
GAAATC	0.743	0.832	0.859
TTAGCG	1.05	1.104	0.977
GATAAG	0.77	0.85	0.824
TCGCAC	0.933	0.75	0.721
CGATCG	2.538	2.79	2.282
TGTCGA	1.902	2.19	2.27
TACCTC	1.308	0.992	1.164
AGGCCT	1.243	1.504	1.61
CTTATG	0.694	0.83	0.888
CCCAAT	1.53	1.209	1.166
GATTCT	0.885	0.878	0.862
ACATCT	0.892	0.748	0.708
AATTGC	1.059	0.956	0.996
ATTAGC	0.57	0.738	0.832
ACAACT	0.88	0.747	0.724
GCATCG	1.2	0.857	0.771
ACAACC	0.806	0.69	0.646
AATATC	0.734	0.866	0.876
TCCGAA	0.876	0.815	0.815
GTAACA	0.933	0.789	0.809
GAAGGT	0.838	0.801	0.826
AGAGAA	0.813	0.84	0.865
GCACAT	0.763	0.7	0.726
GTACCC	1.336	1.03	1.093
AGGCCA	1.163	1.232	1.38
CAAAAC	0.764	0.764	0.767
GGCTCG	1.312	0.993	0.958
GCTATT	0.71	0.733	0.778
TACAGT	0.966	0.861	0.973
TATAGT	0.75	0.841	0.851
TTCTTG	0.734	0.804	0.873
CTCCCC	1.342	1.092	1.006
CGCCCC	1.157	0.983	0.989
CTGGTT	0.82	0.921	0.841
TTGGGA	0.961	0.899	0.902
TCTTAC	0.942	0.925	0.946
TGGGTG	0.788	1.002	0.944
TTGCTT	0.909	0.836	0.938
AGCCTT	0.896	0.903	0.899
TGTCAA	0.82	0.843	0.826
TTCATC	0.637	0.708	0.754
AAAATT	0.634	0.822	0.8
TACTGC	1.263	1.123	1.147
CAGTCG	1.215	0.919	0.899
TTCCGC	1.101	0.954	0.98
CAGGCT	1.018	0.835	0.753
ATCCAC	0.475	0.779	0.749
GCGGAC	0.904	0.815	0.751
AAAGTG	0.883	0.889	0.855
AAATGC	1.016	1.03	0.923
AGCTGT	0.894	0.915	0.907
GTTGTA	0.605	0.63	0.683
GCCAGG	1.118	0.888	0.894
AAAAAG	0.774	0.957	0.894
GTGTGT	0.752	0.843	0.652
GTGGTA	0.971	0.762	0.804
CGTGGG	1.019	0.859	0.944
GCGCTG	1.131	1.316	1.094
TCGTTT	0.974	0.859	0.824
AATATG	0.68	0.821	0.738
ACCTAC	1.096	0.967	1.01
GCCCCT	0.808	0.704	0.804
TCCGGG	1.059	0.892	0.851
CGTCTT	0.968	0.972	0.931
AACACC	0.687	0.746	0.764
AGCACA	0.895	0.757	0.796
AGATGC	1.004	0.989	0.878
AGTAAC	0.677	0.751	0.792
CTAGGA	1.142	0.941	1.01
CCCAGT	1.664	1.134	1.169
GGACTA	1.292	0.997	0.958
AGTGGT	0.69	0.739	0.806
GGCTTC	1.032	1.011	1.003
TATCTT	0.932	0.92	0.894
GACAAC	0.798	0.784	0.81
AGAGGC	0.933	0.925	0.866
GCAATA	1.156	0.862	0.765
GGTGTG	1.092	0.892	0.955
TTCATG	0.675	0.834	0.826
TTTCAC	0.825	0.812	0.865
ATTGGC	0.794	0.901	0.878
AGGCGT	1.207	1.162	1.252
TTTCCT	0.983	1.021	1.163
CCTGAG	1.606	1.348	1.492
CTAAGC	0.866	0.877	0.936
CCGAAT	2.15	2.308	1.88
ACTGAG	0.946	0.821	0.831
GTTATA	0.696	0.863	0.782
ACCCAC	0.73	0.66	0.695
GTCGTT	0.677	0.685	0.745
TTGTGC	0.99	0.97	1.052
TTGGAG	0.851	0.814	0.85
CATAGT	0.799	0.719	0.782
GCCGTT	0.792	0.717	0.79
GGTCAG	1.072	0.866	0.883
TTCTGT	0.794	0.836	0.904
GAGAAT	0.937	0.86	0.848
CGTAAC	0.766	0.852	0.865
TTAAAT	0.592	0.747	0.735
CTAATG	0.671	0.782	0.818
CTCGAG	0.962	0.832	0.903
ACCTGG	1.1	1.106	0.964
AAACTG	0.996	1.082	1.064
GAGGAT	0.834	0.736	0.766
ATGGAT	0.622	0.817	0.864
GTATCG	1.167	0.952	0.902
ATTCCG	0.978	1.486	1.403
ATAATC	0.604	0.775	0.752
CGGAGT	2.174	1.651	1.304
GTCGAA	0.734	0.724	0.784
CCACGG	2.444	1.558	1.412
CATATG	0.757	0.862	0.874
GGACAG	1.458	0.934	0.891
ATCCTC	0.849	0.832	0.889
TCTCCA	0.877	0.856	0.854
CTATCA	0.859	0.794	0.776
CTTTTA	0.806	0.785	0.769
GGGCTC	1.415	0.906	0.842
CTGTTC	0.922	0.888	0.901
AGGTCA	0.98	0.954	1.02
TCCGCA	0.766	0.794	0.71
GGTGGT	1.068	1.05	1.035
CCCATG	1.499	1.162	1.041
GACAGG	1.078	0.871	0.966
CGCGCG	0.733	1.288	1.284
CTCTCG	1.26	0.995	0.818
AACTGG	1.026	0.958	0.884
CGAACA	1.796	1.61	1.468
GTAAAT	0.831	0.849	0.804
GAGACC	1.019	0.854	0.81
TCGCTT	1.03	0.842	0.782
CGCGAA	1.195	0.974	0.947
CTTGTG	0.973	0.952	0.976
ATGATC	0.603	0.722	0.772
ATCATA	0.664	0.802	0.742
ACTGCC	0.825	0.748	0.837
CGGTAC	2.692	1.582	1.812
GTTTCT	0.602	0.7	0.755
TCAGAT	0.871	0.814	0.779
AGACCA	0.934	0.978	1.024
GGAGAT	1.063	0.914	0.985
TCGCTG	1.383	1.09	0.99
GTTCCG	1.068	1.622	1.478
CTAAGG	1.05	1.003	1.065
GTGACG	1.389	0.97	0.989
ACCCAA	0.608	0.644	0.626
TATACG	0.991	0.926	0.883
GAACGT	0.874	0.78	0.785
AACGTA	0.839	0.759	0.844
TCTTTA	0.724	0.79	0.768
ATTTAC	0.734	0.818	0.847
TGCTCT	0.995	1.01	1.061
TGGTAC	1.243	1.013	1.083
TCGGCC	1.124	0.846	0.834
GATTTC	0.817	0.826	0.873
GGAAAC	1.036	1.004	0.943
ACTTCA	0.839	0.786	0.733
TTTCTA	0.731	0.773	0.762
GGCCTG	1.491	1.302	1.314
CTGTTG	1.015	0.992	1.032
GTATTC	0.785	0.775	0.756
GTACAG	0.986	0.78	0.761
AGGTGG	0.812	1.062	1.058
CTTAAG	0.821	0.877	0.857
AGGCAT	1.019	1.012	1.088
CCCACT	1.497	1.054	1.16
ATAAAG	0.682	0.856	0.829
TGTCCA	1.051	1.01	1.066
CTGTCG	1.48	1.225	1.208
CACGAA	0.982	0.829	0.852
GCTGGC	0.968	0.88	0.849
AAAACA	0.899	0.952	0.869
ACGTCT	1.236	0.919	0.849
GCGATT	0.869	0.891	0.776
CCTGTA	1.217	1.152	1.167
GTCGGT	0.81	0.79	0.827
TTTTCA	0.724	0.765	0.768
ATGTTT	0.592	0.75	0.794
TGTTGG	1.025	1.072	0.957
TACAGC	1.002	0.97	1.021
TCCGTG	0.992	0.831	0.874
TCGACT	0.967	0.764	0.738
CGAAGC	2.032	1.474	1.975
GGAGGA	1.226	0.939	1.0
TTCGGG	1.06	1.0	0.935
TTTCCA	0.907	0.822	0.896
AGCGCA	0.854	0.769	0.828
ATAAAC	0.714	0.882	0.817
ACCGCG	0.88	0.836	0.887
AACGGG	0.912	0.833	0.797
GGTGGC	1.348	1.207	1.194
GCTCAT	0.713	0.676	0.679
GCTCTC	0.904	0.828	0.771
TGCTAC	1.488	1.308	1.25
AAGGTT	0.681	0.762	0.83
ATGATG	0.679	0.829	0.895
GGAATG	1.099	1.011	1.008
TGTTCT	0.928	0.98	1.038
CACCCG	1.272	1.335	1.37
AAGACC	0.712	0.788	0.794
ACTCCA	0.845	0.848	0.894
TTCTAT	0.754	0.839	0.902
CCGTCT	2.04	2.704	2.343
TATCGA	1.669	1.145	1.498
GGGAGC	1.056	0.956	0.801
AGTCGC	1.014	0.894	0.913
AGACGA	1.013	1.278	1.463
CTCTTC	0.872	0.865	0.855
AACACT	0.734	0.739	0.782
CACAAA	0.826	0.855	0.923
TGTTTT	0.827	0.911	0.884
GCTCCA	0.872	0.801	0.849
GGCAGT	0.984	0.863	0.872
GGGTGT	0.908	0.989	0.844
GGATAC	1.137	1.027	1.057
ATGCTG	0.908	0.943	0.96
CTCGGG	1.423	1.274	1.172
GGGCTG	1.508	1.149	1.086
ACCCAT	0.59	0.631	0.687
CCACCG	1.82	2.084	1.827
GCGGAA	0.972	0.856	0.785
GGCGCT	1.041	0.905	0.958
AGCCCT	0.901	0.874	0.943
GATGTT	0.803	0.848	0.917
TTGCAC	0.822	0.769	0.845
TCTGAA	0.908	0.899	0.916
CTTGAC	0.893	0.774	0.87
CGCGGG	1.058	0.958	1.141
GAACCC	1.251	0.964	0.884
CTTAGG	0.807	0.892	0.817
CCGTTT	1.425	2.07	1.891
AGGAGA	0.871	0.903	0.928
CGCAAG	0.993	1.012	0.905
GCCCGC	0.914	0.76	0.647
CCACGT	1.24	1.02	1.044
GGTTTT	0.823	0.84	0.82
GCATTA	0.755	0.693	0.696
AGTCTT	0.831	0.815	0.874
ATGCGG	0.741	0.939	0.928
GCCTAC	1.235	0.952	1.041
TTCAGT	0.714	0.752	0.815
GGGATA	1.216	0.981	0.84
CCGCAC	1.93	2.222	1.776
GTTAAA	0.655	0.82	0.82
CGAGTG	1.31	1.206	0.959
GGCAAG	1.007	0.913	0.94
GCACGA	1.133	0.883	1.038
TCTGCG	0.986	1.064	1.012
TTTGAC	0.74	0.809	0.87
TTGAAG	0.685	0.832	0.861
CCTTCG	1.502	1.3	1.322
CCCAGA	1.65	1.252	1.252
AACGCA	0.903	0.776	0.772
CTTAGC	1.108	0.791	0.868
CTAAAA	0.811	0.966	0.881
GAACAT	0.798	0.746	0.728
CTAGCA	0.926	0.806	0.814
ACCGTA	0.673	0.71	0.65
GCAACA	1.076	0.838	0.726
CAGTCC	0.967	0.837	0.804
CGTGGA	0.971	1.038	0.952
AACCCC	1.357	1.074	1.166
GGTAGG	1.03	0.855	0.831
ACCAGG	0.959	0.842	0.862
CGGACC	1.51	1.236	1.008
AGAACC	0.763	0.757	0.807
GTGGAT	0.916	0.797	0.825
AGGAGC	0.986	1.11	1.077
AAGCCG	1.213	1.705	1.508
GCAAAC	0.88	0.776	0.804
TGCAAA	0.995	1.096	1.031
AAACCG	1.274	1.657	1.543
CATGCA	0.939	0.789	0.844
GCGCTC	0.961	0.756	0.726
GAGCTG	1.166	1.028	1.075
TTGCAT	0.776	0.791	0.891
TGGCAG	1.33	0.935	0.865
AACTGT	0.753	0.825	0.812
ACTCTT	0.765	0.812	0.801
CCTGGT	1.628	1.654	1.804
TCAGCC	0.821	0.724	0.707
ATACGG	1.048	1.587	1.524
CGCGCC	1.15	0.776	0.856
GCTCAA	0.686	0.67	0.646
ACCAAA	0.762	0.845	0.814
CTTCGA	1.493	1.813	1.569
AAGTCT	0.752	0.886	0.858
GTAGTA	0.792	0.694	0.64
TTTCCC	1.038	0.942	1.026
TCTGAC	0.895	0.856	0.886
TTAATT	0.626	0.781	0.776
GTCCTT	0.738	0.798	0.811
TTCGGC	0.927	1.016	0.96
TGCAAG	0.889	0.902	0.921
GCAACG	1.241	0.899	0.858
TCAAGG	0.912	0.811	0.795
GGTGCT	0.995	0.947	1.028
AATGGT	0.756	0.839	0.848
GTTAGC	0.567	0.687	0.741
GCGTAT	0.95	0.981	0.857
TACTGT	0.922	0.999	0.988
TCCTCT	0.874	0.89	0.86
CTCTAC	1.212	1.006	0.938
ATAACC	0.59	0.759	0.77
TTTGCT	0.714	0.839	0.862
TCTCCG	1.324	1.624	1.432
CTTTGG	0.894	1.284	1.052
CAGAAC	0.991	0.917	0.926
CCTCAG	1.441	1.151	1.166
GATACT	0.837	0.886	0.869
CTATAT	0.834	0.798	0.808
TTAATC	0.631	0.839	0.783
CTTCTA	0.972	0.824	0.858
CTCTCA	0.91	0.891	0.817
ATTGCA	0.638	0.724	0.748
CTGTTT	0.893	0.914	0.855
GCGAAA	1.053	1.348	0.992
GTTCAA	0.629	0.678	0.703
CAGCAG	1.279	0.763	0.68
GGGCGG	1.765	1.285	0.941
GTCAAC	0.679	0.714	0.819
CGATAT	2.624	2.251	1.94
GATCGA	1.346	1.273	1.314
ATGCCG	1.389	1.702	1.558
ATATAT	0.762	0.868	0.813
GGCAAT	1.024	0.948	0.928
CGACAT	2.87	2.332	2.126
ATCCGC	0.71	0.786	0.868
CAGCCG	1.991	1.745	1.555
GTAAAA	0.849	0.903	0.796
CTTAGT	0.878	0.772	0.782
TACTCA	0.899	0.888	0.869
ATACAG	0.918	0.968	0.913
AATACC	0.67	0.738	0.698
CGAACG	1.67	2.113	1.716
GGAGCA	1.238	0.999	0.946
TCGAAT	1.027	0.874	0.831
CCCCTG	1.922	1.456	1.58
ACATGG	1.019	0.953	0.858
GATGCG	1.017	0.915	0.907
AGGACG	1.054	0.991	0.976
TTAGAT	0.644	0.747	0.766
ACGTTT	0.974	0.902	0.827
CTGCAG	1.244	1.042	0.917
ATAGCG	0.804	1.246	0.987
CGTTGT	0.881	0.905	0.877
CGTCAG	0.912	0.76	0.676
GTAGTT	0.67	0.674	0.688
GATGTG	1.002	0.892	0.931
GGACTT	1.427	1.151	1.029
AGCCAG	0.847	0.754	0.702
GAGCGT	0.947	0.788	0.838
CGGTTC	1.515	1.234	1.135
TGGAAC	0.974	0.921	0.915
GCGAGC	1.319	1.167	0.819
AATGCG	0.906	0.918	0.799
TTAGTG	0.735	0.741	0.719
TTCAAA	0.795	0.923	0.862
GACGGG	1.011	0.85	0.929
GCCCTT	0.806	0.778	0.709
GGCAGC	1.117	0.92	1.028
GCTCGA	1.526	1.164	1.106
ATGCGA	1.14	1.645	1.456
AATCCC	1.219	1.103	1.167
GGGTAT	0.904	0.878	0.842
CTCACT	0.959	0.88	0.933
GCGATC	1.033	0.956	0.722
CTTGGC	1.107	0.955	0.902
TTGCCC	1.241	1.041	1.132
AGCTTG	0.876	0.844	0.951
CCTTTA	1.193	1.042	1.062
GGACGG	1.515	1.314	1.162
AATGCC	0.856	0.819	0.847
ATTTTA	0.519	0.716	0.674
ACAAAC	0.855	0.777	0.738
ACAAGA	0.914	0.807	0.792
ATATTG	0.756	0.869	0.828
CAAATT	0.687	0.774	0.753
AACGCT	0.787	0.805	0.8
GGAGCT	1.092	1.044	0.902
GAAACC	0.767	0.798	0.785
GTACCT	1.04	1.068	1.043
TCCCCG	1.761	1.81	1.722
CCATGG	1.4	1.293	1.248
AATGCA	0.847	0.809	0.796
TCTGGT	0.834	0.844	0.827
TATTGC	1.239	1.174	1.248
ATGACT	0.592	0.758	0.78
GTTGTG	0.75	0.798	0.752
GGCTCT	1.009	0.926	0.91
CTAGAG	0.952	0.848	0.816
TACCTA	0.926	0.885	0.908
TTCTAC	0.93	0.91	0.96
ACTGAA	0.824	0.816	0.856
TCACGG	1.154	0.993	1.132
GTAATC	0.758	0.716	0.717
CGTTGG	1.092	1.18	1.216
GCCCCA	0.894	0.799	0.831
GCAGTT	0.88	0.824	0.849
ACTGGC	0.931	0.901	0.89
GTGGTC	1.054	0.815	0.819
AATTCA	0.826	0.853	0.791
TGGGTA	0.898	0.93	0.788
AACCAA	0.692	0.738	0.714
CGTAGG	0.788	0.852	0.864
GCGACA	1.277	1.269	1.029
GTTGCA	0.715	0.772	0.75
GCGCGA	1.615	1.641	1.466
ATTCGT	0.656	0.991	1.187
CCCTCA	1.33	1.238	1.119
TCTGCA	0.951	0.836	0.841
AGGCCG	1.352	1.98	2.07
CTGATA	1.192	1.369	1.147
ATAACT	0.69	0.84	0.773
TCTTGT	0.799	0.852	0.925
GTACAT	0.768	0.671	0.708
GAGGAA	0.804	0.726	0.722
ACCAGC	0.695	0.678	0.73
CCAAAG	1.053	1.015	1.107
CGTAGC	0.725	0.614	0.859
ATGGCC	0.788	0.911	0.961
TCCGGA	0.948	0.856	0.839
TCGCCA	1.129	0.954	0.892
GCCGGT	0.882	0.802	0.85
ACCCGG	0.708	0.734	0.877
CTATCG	0.974	0.894	0.857
ATGAAG	0.646	0.8	0.861
CTAACA	0.901	0.798	0.834
CCGAAG	2.019	2.113	1.978
ACGAGA	1.194	0.936	0.936
GCAGGT	0.95	0.762	0.793
GCGTGC	0.944	1.269	0.958
ATTTCT	0.582	0.732	0.784
GGCCGG	1.598	1.056	1.294
TCCTTC	0.843	0.852	0.837
AAGGCC	0.77	0.793	0.768
AAGCGC	1.147	0.94	0.913
TGGGCC	1.077	1.045	0.94
CGACGC	2.568	2.287	1.451
ATCCTT	0.682	0.814	0.805
TACATC	0.85	0.844	0.886
AACCGG	2.32	1.208	1.059
GCTTCG	1.2	0.909	0.952
ATCATG	0.557	0.734	0.781
CACAGC	0.887	0.748	0.758
TCAGTA	0.793	0.757	0.713
GGCCCT	1.281	1.25	1.154
AGTCAT	0.666	0.74	0.772
AAAATC	0.691	0.842	0.825
ACGTTA	1.035	0.932	0.877
TTGAGC	0.797	0.833	0.913
GATGCC	0.973	0.852	0.956
TTGCTC	0.972	0.865	0.92
GGGTCA	1.029	0.96	0.856
TGGAGT	0.746	0.846	0.814
CCTATC	1.068	1.096	1.158
CCCAAA	1.568	1.253	1.215
CATATT	0.763	0.755	0.748
GGTAGA	0.978	0.914	0.935
ATGTAT	0.665	0.842	0.894
AGTCAA	0.647	0.669	0.665
ATTAAT	0.508	0.701	0.656
ATTGTG	0.694	0.796	0.787
CCCCGC	1.303	1.021	0.756
ATCGCG	0.722	0.938	0.884
AACGGT	0.796	0.826	0.857
ATCTTT	0.596	0.76	0.798
ACACTT	1.02	0.798	0.711
GCCTCG	1.299	0.968	0.907
TTGAAA	0.753	0.891	0.882
ATCGTA	0.584	0.673	0.641
ACTCCG	1.221	1.31	1.229
TCCACG	1.015	0.807	0.819
TTGAAT	0.702	0.844	0.849
CACAGT	0.858	0.638	0.792
TACGCA	1.01	0.868	0.841
TCAGGA	0.938	0.83	0.837
GTACGA	1.495	1.627	1.577
AGCGTC	0.672	0.738	0.866
CAGATC	0.881	0.858	0.838
AAATTT	0.693	0.81	0.786
GACGTG	0.994	0.825	0.828
GGATCA	1.04	0.976	0.944
GTCGCT	0.712	0.725	0.751
TCTGAT	0.879	0.866	0.917
AATACT	0.668	0.776	0.748
GTTTCC	0.739	0.784	0.722
ATTGTC	0.591	0.732	0.745
ATTCTT	0.686	0.776	0.822
GGTCAC	0.973	0.946	0.978
GCCGAC	0.918	0.772	0.882
TGTCTC	1.042	0.972	0.973
AGGGCG	0.764	0.985	0.943
ACCTGC	1.049	0.896	0.96
TCTCCT	0.906	0.922	0.973
CACTGT	1.006	0.834	0.823
AAATGT	0.738	0.968	0.903
ATCGGA	0.815	0.889	0.93
GGATTA	1.079	0.949	0.954
TGTGTT	0.849	0.856	0.895
CCGGTG	1.778	1.36	1.416
ACTAAA	0.805	0.9	0.823
GTTGGC	0.872	0.863	0.892
CGTCCG	1.092	1.511	1.331
CTCTTG	0.962	0.983	0.985
GGGGAA	0.715	0.715	0.755
CTTCTC	1.114	0.974	0.956
TTCACG	0.962	0.768	0.884
GCACTC	1.139	0.786	0.82
GAACCA	0.978	0.896	0.974
TCGTGT	1.013	0.882	0.814
ACTTGC	1.03	1.104	1.126
GTGGTT	0.947	0.812	0.855
TTCCGA	1.765	1.376	1.16
TGGAGA	1.037	1.012	1.005
GAAACG	1.061	0.886	0.904
CTTTCT	0.857	0.819	0.891
ACGCCG	1.79	1.523	1.28
GCAGGA	1.035	0.866	0.826
AATGTG	0.933	0.911	0.918
AGTAGT	0.529	0.648	0.613
CGGTCT	1.554	1.527	1.456
TCCCGG	1.052	1.031	1.2
CTGGTA	0.937	0.893	0.875
ATCGAG	0.714	0.765	0.758
TACGAA	0.824	0.86	0.914
GCGGTC	0.95	0.985	0.824
GCGCCA	1.052	0.973	0.94
GCACCT	1.042	0.896	0.907
GACCCA	1.17	1.022	1.096
ATCCGG	0.878	0.969	0.882
CGTGAG	1.05	0.932	0.979
CACGCC	0.962	0.867	0.844
ACCGCC	0.711	0.717	0.674
GAGGTT	0.86	0.824	0.825
AAAGTA	0.722	0.728	0.743
AAACTC	0.928	0.897	0.943
CTTGAT	0.825	0.868	0.918
ATTTGT	0.569	0.862	0.894
CAGCAA	1.061	0.75	0.688
GCAATT	0.856	0.823	0.791
GACCGA	1.082	0.983	0.991
GTACTC	1.309	0.944	0.949
TATAAT	0.627	0.799	0.786
CTAAAG	0.784	0.874	0.884
GAGCTA	0.984	0.903	0.912
GAGGCG	1.176	1.12	0.992
CACAAT	0.81	0.779	0.804
CGATCA	1.864	1.67	1.386
AGTGCG	0.723	1.058	0.906
TCGGTG	1.194	0.988	1.009
TACAGG	1.073	0.959	1.029
TCAAAT	0.743	0.81	0.737
TTTACC	0.643	0.742	0.707
GACTTA	0.91	0.902	0.898
CGGCGC	3.73	1.044	1.12
TCTAGG	1.002	0.881	0.89
CTATTG	0.806	0.77	0.86
AGGTCT	0.965	0.931	1.027
CTCGTA	0.91	0.685	0.806
ACACAC	0.837	0.806	0.712
ATGCAG	0.686	0.722	0.752
CGGTTA	1.762	1.437	1.385
ATGTTC	0.617	0.776	0.836
GTCATC	0.654	0.674	0.706
GTTAGT	0.575	0.67	0.719
CCCCAT	1.162	0.984	1.06
ACAAGT	0.876	0.712	0.681
CCGTGG	2.342	2.638	2.594
TGTAGT	0.799	0.916	0.978
GCTACA	1.033	0.9	0.849
CGGGCG	2.17	1.278	1.2
GCGAGG	1.121	1.08	0.996
GACCTT	0.995	0.811	0.874
CGGGTT	1.189	1.154	1.022
GTCCAA	0.642	0.671	0.68
TCACTA	1.026	0.828	0.813
TGCGAT	0.939	0.911	0.985
GATCAA	0.828	0.785	0.794
CACTAT	0.974	0.842	0.961
CGACAG	4.02	2.426	1.94
AGCCGG	0.803	1.042	1.174
TTGACT	0.739	0.865	0.88
ACAAGC	0.884	0.776	0.763
TCATCC	0.827	0.738	0.723
ATAGAT	0.772	0.884	0.839
GACGCT	0.902	0.772	0.824
GCTGAC	0.961	0.839	0.928
CTTTCG	1.149	1.064	0.973
AATAAC	0.621	0.754	0.732
GTGCCG	1.939	2.438	2.246
TATAGC	0.908	0.887	0.926
ACCGAA	0.803	0.76	0.784
GCTCCT	0.946	0.947	0.992
ACGAAG	1.167	0.949	0.926
CTTGTT	0.755	0.87	0.854
AGTATG	0.657	0.777	0.785
AGAAAC	0.772	0.853	0.845
ATATTA	0.606	0.766	0.696
GTCTAT	0.748	0.794	0.837
CATCCG	1.385	1.28	1.215
ACATAT	0.917	0.808	0.69
TATTGG	0.906	0.991	0.926
AACGTC	0.776	0.774	0.82
TATCGG	1.366	1.12	0.998
GTCTGC	0.906	0.956	1.023
ACGCCC	1.541	1.096	1.077
ACGTCC	1.358	0.901	0.863
GACAAA	0.917	0.856	0.87
AGCTTA	0.866	0.739	0.779
TTCACA	0.816	0.787	0.791
CCTTTC	1.127	0.994	1.031
TCCCAT	0.7	0.697	0.674
ATCCTG	0.861	0.948	0.881
CTAATT	0.752	0.846	0.801
GTTCGC	1.078	0.934	1.152
TCCTCA	0.901	0.794	0.778
AAATGG	0.967	1.077	1.011
GTGTCG	1.154	0.891	0.873
CGGTCG	1.383	1.357	1.104
TCCAGC	0.83	0.741	0.802
CATACC	0.81	0.835	0.714
GTCAGC	0.64	0.646	0.748
GGTATA	1.054	1.027	0.948
AATCTA	0.845	0.876	0.842
AGTGCC	0.814	0.839	0.958
AAGAAT	0.705	0.844	0.83
CGCACC	0.872	0.725	0.859
GATTAT	0.889	0.901	0.987
GAGATC	0.922	0.843	0.906
TTTTTC	0.626	0.718	0.736
ACCCGC	0.938	0.537	0.578
CTTATA	0.957	1.081	0.975
CAGGCC	1.015	0.824	0.764
ATCACA	0.666	0.726	0.691
CGGGAG	1.686	1.494	1.246
GTAAAG	0.749	0.712	0.768
AATTCC	0.773	0.857	0.838
AGTGAG	0.822	0.802	0.807
GGTTGG	1.02	1.039	1.046
GTTCAC	0.707	0.77	0.836
AGGAAT	0.994	0.939	1.04
TCAATA	0.962	0.888	0.786
GTAACC	0.871	0.781	0.874
CAATCA	0.764	0.735	0.65
TTAAAG	0.619	0.807	0.814
TACAAT	0.747	0.804	0.85
CATTAT	0.8	0.853	0.838
TTGGTA	0.745	0.68	0.733
CTACGG	1.376	1.726	1.443
ACACAT	0.812	0.694	0.664
GGTCGG	1.289	1.257	1.404
GGCGAA	1.041	0.912	0.931
TATGTT	0.734	0.862	0.857
TGCTTG	1.191	1.005	1.054
AGACCC	0.975	0.996	1.06
GGTCAT	0.903	0.883	0.874
GCACTG	1.293	0.925	0.973
CAGGGA	1.215	0.85	0.82
CTTCTG	1.145	1.186	1.199
GAGGCA	1.013	0.83	0.772
GATAAA	0.939	0.971	0.918
AATATT	0.688	0.855	0.866
CATGAA	0.881	0.852	0.874
AACAAC	0.629	0.707	0.724
CGCCTG	1.434	1.053	0.983
TACGCT	0.888	0.844	0.846
GACGGA	1.194	0.89	1.014
CGCCGA	1.068	1.284	1.392
AATTTG	0.79	0.892	0.869
GACTAC	1.168	1.024	1.18
TATATA	0.829	0.859	0.812
GAAAGG	0.971	0.902	0.869
GTCAGT	0.599	0.613	0.7
CCCACG	2.051	1.248	1.292
TCCAAT	0.722	0.744	0.73
TTAGAC	0.649	0.754	0.775
CTATAC	0.967	0.829	0.9
CACGGA	1.171	0.873	1.059
GTACGC	1.288	0.916	1.046
AATGGA	0.905	0.877	0.919
CTCCTA	0.915	0.918	0.892
AAACGA	1.188	1.383	1.214
TTCGTA	0.818	0.724	0.822
TTGGTC	0.684	0.776	0.855
AGGCAC	1.026	1.148	1.081
AGCCTG	1.104	1.141	1.05
GGAACT	1.217	1.184	1.034
CAAACA	0.877	0.774	0.668
ATTACA	0.607	0.729	0.758
GGCATA	1.185	1.159	1.0
AGGGAC	0.69	0.828	0.871
ACACTC	0.856	0.761	0.546
TCATTT	0.705	0.723	0.682
GAGACT	0.918	0.809	0.842
TTCGCG	0.98	1.094	0.952
GATCAG	0.941	0.781	0.742
GCTGCG	0.993	0.979	1.034
AATGTA	0.785	0.834	0.831
AGTTTG	0.775	0.764	0.868
GGCAAC	1.159	0.983	1.049
TCGTAC	1.144	0.879	0.878
TACTAC	1.043	0.996	1.108
GCGACC	0.934	0.978	0.855
CACCTC	0.97	0.744	0.78
TATATT	0.676	0.809	0.825
AACCAG	0.81	0.726	0.748
CGTGAT	0.901	0.907	0.963
AGCATA	0.713	0.861	0.847
TACCCG	1.371	1.488	1.127
CAGCAC	1.196	0.822	0.742
GGTGCC	0.994	0.881	0.943
CAATGT	0.765	0.764	0.686
GCCCTC	0.913	0.76	0.735
AGTGGC	0.8	0.811	0.899
CGGAGG	1.303	1.315	1.172
CGGGGA	1.14	0.842	0.747
GCGGAG	0.98	0.845	0.789
TGCATC	0.883	1.01	0.944
GTGTAC	1.125	0.89	1.019
CCTCGC	2.009	1.546	1.544
GCTGGG	0.851	0.899	0.959
TTGTGT	0.786	0.957	1.041
CAAGGA	0.964	0.805	0.808
TGGACC	0.916	0.965	0.959
ATAACA	0.717	0.862	0.803
AGCTAT	0.971	0.92	1.024
GCCGAA	0.958	0.867	0.943
CTCGCC	1.269	0.935	1.029
CCCCTA	1.13	0.858	0.992
ACTTAT	0.838	0.816	0.809
CGACCC	2.141	1.844	2.315
GACCCC	1.413	0.996	1.044
TACTTA	0.882	0.86	0.906
AATCGA	1.193	1.358	1.283
GCGGTA	0.94	0.851	0.881
AAGTTA	0.683	0.804	0.834
AAGGAT	0.784	0.836	0.849
TTTCCG	1.286	1.509	1.431
TCCAAG	0.743	0.748	0.764
ACATTC	0.896	0.75	0.749
TCGCTC	1.266	0.828	0.834
ATATCC	0.856	0.937	0.852
CTTCCC	1.134	0.994	0.999
GTGGCG	1.222	1.233	1.101
CGATGC	1.546	1.791	1.439
CCGAAA	2.21	2.431	2.034
CCGTCC	2.047	2.336	2.09
ATTATG	0.542	0.768	0.799
AGGTTC	0.981	1.0	1.057
CGTGTG	0.767	0.863	1.015
GATAGT	0.719	0.761	0.769
CATCTA	0.962	0.775	0.753
CTCCTC	1.205	0.938	0.908
TTGGAT	0.682	0.808	0.859
AAGCGA	0.893	1.14	1.187
CGGAAG	1.891	1.495	1.416
TGCCTG	1.646	1.351	1.4
AGTCCT	1.019	1.0	1.183
CTCGTG	0.965	0.866	0.855
GTGGAC	1.028	0.774	0.846
TTCAAT	0.65	0.712	0.756
CGGCCT	2.713	1.785	2.068
ACGCGT	1.22	1.083	1.102
CAAGAT	0.75	0.758	0.748
GAGGCT	0.953	0.842	0.8
GGTTCC	1.029	0.948	0.941
CGAATC	0.92	1.254	1.149
TCAGTG	0.944	0.768	0.751
GGTTGT	0.925	1.004	0.957
GCCAGT	0.787	0.728	0.749
CTCATA	1.135	1.252	1.056
CTCATC	0.933	0.884	0.83
TCCTGC	1.214	0.805	1.004
TGGGCT	0.91	0.899	0.858
CTTCGC	1.478	1.231	0.958
AGAGTC	0.765	0.828	0.826
CCAAGG	1.315	1.195	1.127
GAGTTA	0.818	0.837	0.86
ACGCTA	1.277	0.936	0.903
GCCATG	0.85	0.831	0.858
TGTCCG	1.388	1.62	1.631
CTTAAC	0.754	0.751	0.755
GATTGC	0.937	0.939	0.87
GTATTG	0.816	0.775	0.816
ACACCG	1.388	1.482	1.37
TGCCGT	1.276	0.966	0.999
GAGCGC	1.418	0.868	0.833
CGATAC	1.748	1.738	1.558
CTAGAC	0.868	0.734	0.814
TATAAG	0.672	0.834	0.838
GACTTC	0.869	0.878	0.878
GTGCGA	1.583	1.289	1.716
CGATTG	1.658	1.552	1.854
AGGGAA	0.772	0.812	0.876
GATCCA	1.195	1.11	1.126
AGACAG	0.959	0.816	0.818
AGGATC	0.887	0.93	1.161
CGACGA	8.09	5.079	4.402
GCGAGA	1.133	1.229	1.081
AACGGC	1.054	0.826	0.852
ATCGAA	0.659	0.73	0.739
TCTCTG	0.993	1.095	1.09
CGCATA	1.203	1.008	0.915
GTGAGG	1.087	0.928	0.866
GAACAA	0.69	0.673	0.666
TTGCAG	0.906	0.784	0.792
ATTGAG	0.696	0.779	0.77
CCCTTA	1.303	1.109	1.049
TATTTA	0.681	0.834	0.842
TTCAGA	0.81	0.872	0.872
CACCGC	1.181	0.838	0.817
CGCGTA	0.761	0.794	0.755
AGGTGC	1.041	1.054	1.312
ATACTA	0.795	0.852	0.837
AGCGCC	0.829	0.722	0.808
CGGATT	1.89	1.515	1.333
AGCGCT	0.66	0.754	0.767
GGAGTC	1.24	0.942	1.025
TCCATG	0.76	0.785	0.795
ATGGGA	0.86	0.913	0.962
GCAGTG	1.004	0.856	0.819
CTTGTC	0.778	0.876	0.895
AGTAAA	0.672	0.829	0.771
TGCCGC	1.683	1.352	1.3
AAGGTG	0.829	0.76	0.824
GTGTGC	1.218	1.114	1.083
TACAGA	0.924	0.971	1.038
ACACTA	0.933	0.778	0.701
GCTGGT	0.866	0.814	0.875
GGCGTT	0.916	0.848	0.869
CGAAAG	1.509	1.707	1.706
CGCATC	1.136	0.967	0.997
GCAGCT	1.051	0.81	0.84
AATCCA	1.017	1.105	1.164
ATGGGT	0.709	0.806	0.873
CTCTCC	0.955	0.874	0.861
GAATTG	0.81	0.884	0.896
CGGCAT	4.168	1.774	1.785
CACTCG	1.126	0.878	0.84
TGGAGC	1.032	1.023	0.956
CGAAAT	2.123	2.25	2.086
CAGGTT	0.911	0.831	0.777
CGCATT	1.215	0.882	0.924
AACTTG	0.777	0.896	0.913
CACGCT	0.896	0.801	0.856
GCACGT	1.0	0.825	0.943
TGTAAT	0.824	0.927	0.945
GCGTCC	0.982	1.11	0.973
AACAAT	0.616	0.712	0.718
TCAGTC	0.69	0.708	0.721
GGGCCA	1.483	1.128	1.156
CAAACC	0.688	0.726	0.672
CATGGA	1.055	0.89	0.911
CTACTC	1.007	1.011	0.895
TCACTT	1.103	0.876	0.836
TCTACA	0.933	0.848	0.841
TCACCT	1.052	0.97	0.887
TGCGGC	0.942	0.894	0.825
CCTGTG	1.587	1.273	1.344
CGACAC	2.2	1.86	1.658
ACCTCC	0.824	0.77	0.741
CTTGCC	0.915	0.836	0.931
GCCGCG	1.155	1.284	1.172
TCGGGT	1.017	0.934	0.834
GATCCG	1.481	1.457	1.401
GGGATT	0.905	1.009	0.927
ATTTTG	0.607	0.765	0.813
TTATCC	0.682	0.774	0.787
AGTATT	0.595	0.667	0.672
GAGATA	0.947	0.919	0.834
ACCATG	0.656	0.698	0.73
TCTGCT	0.753	0.806	0.804
TATCCT	0.916	1.024	1.05
GTTTGT	0.703	0.819	0.876
TTGTCT	0.747	0.804	0.889
AAGCAC	0.709	0.772	0.759
CTGACA	1.54	1.323	1.186
GTTGTC	0.617	0.713	0.698
GACGTC	0.847	0.786	0.865
TGGGGG	0.742	0.797	0.709
AGTTCC	0.821	0.789	0.815
CTATCT	0.873	0.826	0.85
TGTGAC	0.844	0.819	1.032
ACACGA	0.962	1.154	0.961
AGGTCC	1.017	0.949	0.898
TTGGCT	0.782	0.82	0.871
CGGGGG	2.194	0.878	1.137
TACGAT	0.794	0.836	0.856
ACATCG	1.007	0.82	0.747
CAGCCT	1.269	1.074	0.98
TTCAGC	0.805	0.879	0.881
AGAATA	0.775	0.992	0.948
AGGTTG	0.888	0.961	1.006
ATTGCG	0.664	0.902	0.851
CGCACA	1.078	0.901	0.838
GGAACG	1.586	1.077	1.047
AAAGAT	0.846	0.906	0.884
CCAGCT	0.988	0.922	0.984
TGGGAG	0.795	0.823	0.776
TTTGAT	0.748	0.838	0.849
ATAGTG	0.698	0.902	0.852
AACGTG	1.004	0.871	0.844
GGAAGC	1.037	0.999	1.024
GCAAAA	0.844	0.811	0.736
GATGCT	0.887	0.865	0.914
CTGGGT	1.023	0.869	0.861
GGCATG	1.067	0.928	0.957
TTGCTG	1.006	0.95	1.002
ATATCT	0.813	0.952	0.867
TCCCAA	0.704	0.686	0.661
GATCGT	1.003	1.009	1.078
GGAAGA	1.174	1.041	0.99
GTCAAT	0.665	0.686	0.749
ACTATC	0.683	0.756	0.712
GTATGT	0.776	0.674	0.645
TCGATA	1.026	1.102	0.991
TTGCGA	1.372	1.296	1.31
GCGAAT	1.07	1.136	1.011
GTTGGT	0.69	0.768	0.8
CTGCTG	1.446	1.321	1.196
GCGCCC	1.136	1.061	0.888
AAAACG	1.004	0.986	0.965
AGTAAG	0.534	0.688	0.7
GAAGGC	0.954	0.902	0.876
GGCGAG	1.023	0.885	0.872
ACTGTG	0.956	0.845	0.92
AGTGTC	0.676	0.832	0.876
GTCGGA	0.829	0.771	0.837
CTTGGA	1.224	1.028	1.097
CACCAT	0.701	0.647	0.627
ATATCA	0.784	0.933	0.843
TTGTCA	0.817	0.769	0.858
CCTAAA	1.281	1.328	1.292
GAGCTT	1.038	0.908	0.906
GCATGC	0.996	0.854	0.812
GGGAGT	1.098	0.743	0.795
AGGGAT	0.756	0.81	0.953
ATTGGA	0.758	0.886	0.824
CATATA	0.915	0.934	0.809
ATATGC	0.943	1.089	1.002
TACGCC	0.927	0.891	0.867
GCCTCT	0.965	0.848	0.924
CCATCC	1.127	0.966	1.012
AGGGGA	0.597	0.724	0.804
ATAGTT	0.611	0.83	0.826
GTTACT	0.635	0.773	0.804
CCACTC	1.318	0.928	0.95
CTGGGC	1.233	0.93	0.974
GCACTA	0.987	0.77	0.728
CTACTG	1.289	1.162	1.159
CACGAT	0.87	0.76	0.783
CGTACT	0.807	0.774	0.93
ATCCCC	0.76	0.947	0.967
GTCGCG	0.735	0.922	0.938
CTAATC	0.737	0.802	0.786
TTGATT	0.702	0.855	0.886
AGGACT	0.971	0.973	1.105
GGGTCC	1.162	0.966	0.936
CTGCCA	1.32	1.087	1.104
AAGTTT	0.712	0.786	0.811
TGTCTG	1.215	1.177	1.193
TTTGAG	0.819	0.821	0.842
CGGTTG	1.884	1.398	1.437
GATGTC	0.834	0.83	0.91
GTAACG	0.996	0.836	0.8
AGAGCA	0.86	0.78	0.802
TTCGCA	0.857	0.882	0.855
ATTCCT	0.74	0.999	1.167
TTGTTA	0.679	0.768	0.763
CGAGGC	1.801	1.374	1.271
TGTGCT	0.858	0.829	0.844
AAGGCG	0.877	0.993	0.866
CTAAAT	0.765	0.821	0.792
GGACCG	1.919	2.444	2.176
ATCCGT	0.653	0.838	0.827
GACAGT	0.808	0.761	0.782
ATTCAC	0.612	0.757	0.838
CGCCAA	1.262	0.97	0.922
GAGGGC	0.868	0.68	0.67
CATTGT	0.801	0.756	0.726
TTGGGG	0.806	0.825	0.887
CTGCGA	2.282	2.715	2.189
GCGTCG	1.207	1.09	0.878
TTTGCA	0.887	0.835	0.821
GAGAAC	0.898	0.851	0.853
TTTCGC	1.263	1.27	1.178
CTCCTT	1.122	0.947	1.036
ATCGAT	0.582	0.706	0.748
TTTGTG	0.836	0.819	0.815
GTGCCT	1.501	1.095	1.24
CCTTCC	1.374	1.199	1.209
CTGCTC	1.313	0.892	0.939
TTATCG	0.932	0.92	0.808
CGGAAA	1.718	1.498	1.537
GCGCAC	0.956	0.949	0.894
AGCAAG	0.657	0.756	0.778
TCGGAT	1.081	0.984	0.998
ACGCAT	1.144	0.876	0.844
AGTGAA	0.688	0.73	0.746
CAAGTC	0.668	0.716	0.766
GATGTA	0.859	0.843	0.842
CCGGGA	1.902	1.713	1.581
AATCGT	0.978	1.072	1.133
CGCTCA	1.072	0.814	0.838
GGTACC	1.053	1.038	1.004
CTTACA	0.912	0.883	0.863
TATGCT	0.794	0.854	0.925
CGACCG	2.405	8.418	6.954
CCCCAC	1.262	0.832	0.967
ACGAGG	1.168	0.951	0.914
ATAGCC	0.892	0.895	0.822
CCACGA	1.755	1.729	1.479
AGAAGA	0.78	0.906	0.876
AGATTA	0.683	0.825	0.787
CACTCA	0.97	0.804	0.766
CGGCTC	4.124	1.454	1.986
GCTTGG	1.051	0.98	0.926
TGTTAC	1.083	1.186	1.168
TCGAAA	1.01	1.003	0.906
AGATGT	0.785	0.871	0.945
TCCCGC	0.874	0.861	0.704
ACACGC	1.162	0.752	0.883
GCTGTG	1.019	0.882	0.907
GGACTG	1.446	1.235	1.103
AACAGG	1.014	1.066	1.088
TCCCCC	1.156	0.888	0.919
TCTTCT	0.76	0.756	0.751
AAGAAC	0.729	0.82	0.834
GACGGT	1.011	0.87	0.897
TTCACT	0.673	0.734	0.79
GGGAAT	0.986	0.886	0.89
CCTAGC	1.606	1.39	1.444
GTACTT	1.143	0.894	0.962
CAGTCA	1.075	0.921	0.808
AGAGGT	0.786	0.792	0.794
TGGTTA	0.957	0.941	0.878
CTTGCG	0.9	1.084	1.24
TTACCC	1.037	0.924	0.909
TCGTGG	1.146	0.952	0.894
ATTGAA	0.656	0.776	0.776
CTGCGG	1.128	1.632	1.31
TGCTGC	1.64	1.052	1.082
ACAAAG	0.799	0.735	0.716
GTAATG	0.768	0.799	0.749
TTTCGG	1.828	1.506	1.516
ATAATA	0.637	0.852	0.744
TGCGGA	1.14	0.952	0.9
ACTCTG	0.985	0.897	0.892
TTGCAA	0.8	0.736	0.768
AGTGTA	0.709	0.681	0.733
CCAGAT	1.264	1.15	1.25
CGCTGG	1.354	1.035	0.932
TTCCTT	0.85	0.856	0.896
AGCACC	0.639	0.652	0.736
AACCCT	1.118	1.106	1.166
GCCGGA	0.943	0.86	0.86
TGGCCC	1.777	1.298	1.096
GCTCGC	1.056	0.916	0.909
AGCAAT	0.687	0.757	0.798
TTGTAT	0.72	0.862	0.914
CCCGGG	1.881	1.628	1.415
ACTTCT	0.758	0.788	0.788
TCATCG	0.987	0.833	0.758
CCTTCT	1.293	1.206	1.256
GGTAGC	0.889	0.9	0.904
TCTTTG	0.803	0.871	0.904
GCTTTT	0.79	0.768	0.784
GCTACG	1.22	0.987	0.951
CCAATG	1.018	1.01	1.095
CCCATC	1.122	0.865	0.899
ACCATT	0.628	0.729	0.707
GAAGCT	0.859	0.821	0.842
AAATCT	0.806	0.964	0.922
ATAAGA	0.72	0.896	0.813
GACTGT	0.863	0.847	0.878
AAGGAG	0.857	0.924	0.921
GTGGAA	0.972	0.825	0.786
TTTCTC	1.126	0.946	0.903
CCAATC	0.94	0.929	0.954
CCTAAC	1.385	1.352	1.474
CTAATA	0.826	0.997	0.91
CGCAGC	1.031	0.87	0.876
TGTAGA	0.965	1.102	1.087
GGGTTA	0.951	0.884	0.836
GCTTAC	0.984	0.906	0.955
ACAGCG	1.338	1.107	1.03
GGTTTA	0.818	0.828	0.791
CCTTTG	1.247	1.128	1.263
GCTCAG	0.898	0.702	0.68
CACGGC	0.97	0.984	0.859
GTCGCA	0.782	0.727	0.7
ATCGTC	0.566	0.718	0.741
TGCCCC	1.285	0.865	1.062
GGTACA	1.148	1.018	0.924
CTAGGG	1.191	1.078	0.965
GCCCTA	0.936	0.765	0.803
GCTTCT	0.847	0.822	0.844
ACACGT	0.803	0.798	0.792
GCTCTT	0.85	0.792	0.764
AACTCG	1.045	0.948	0.901
GAGTTG	0.915	0.88	0.865
GCAAAG	0.807	0.718	0.726
AGTAGC	0.749	0.685	0.749
AAGACT	0.747	0.85	0.834
TCAGGT	0.714	0.724	0.676
CATTGG	1.026	0.887	0.882
GCGCCT	1.26	1.297	1.182
GATACC	0.84	0.85	0.852
TGGGGC	0.96	0.874	0.9
CTGACC	1.102	0.992	0.919
AGCGAT	0.796	0.819	0.88
AATGGG	0.94	0.91	0.874
CACGTG	0.926	0.947	0.857
TTACAT	0.656	0.799	0.731
GTGGGG	0.878	0.777	0.783
GGCACG	1.506	0.994	1.104
AGCGGA	0.868	0.809	0.821
CGTGCA	0.74	0.807	0.816
TTTCTT	0.833	0.836	0.814
CTGCCC	1.436	1.173	1.06
CGCAGT	1.014	0.891	0.857
GCTGCC	0.884	0.812	0.865
GGGGAT	0.714	0.659	0.751
AAATTA	0.683	0.833	0.779
CCCTAC	2.024	1.453	1.342
CGAGAA	1.989	1.685	1.581
GTCTCT	0.685	0.775	0.8
AAACAT	0.796	0.931	0.871
TCAACA	0.92	0.774	0.656
AGCTGG	0.942	1.021	0.944
CACGTT	0.793	0.796	0.838
ACGGAT	1.096	0.975	0.969
CTGGCC	1.128	0.878	0.845
GGAGAC	1.183	0.945	0.981
ATCCCT	0.762	0.925	0.962
GCACCA	0.922	0.767	0.78
CATGCC	0.856	0.682	0.766
ATCTTG	0.638	0.784	0.83
GGCAAA	1.037	0.971	0.944
GCTCTG	0.996	0.906	0.95
ATTTAT	0.653	0.84	0.898
AGTGTG	0.778	0.775	0.862
CTTCCA	1.006	0.899	0.943
CCTGGA	1.868	1.739	1.73
GGTACG	1.38	1.009	1.066
ATCGTT	0.53	0.705	0.736
TACTTT	0.86	0.972	0.959
GGTTAT	0.906	0.978	0.986
GAAGCA	0.904	0.791	0.801
CCTTAC	1.364	1.208	1.315
AAAGGT	0.898	0.971	0.92
CCCTCC	1.47	1.135	1.119
AGGTTA	0.725	0.899	0.86
ACTCGC	0.877	0.977	0.986
CGATTC	1.262	1.168	1.333
GATTGT	0.89	0.94	0.87
GTCCGG	0.506	0.924	0.859
AAACGG	1.162	1.274	1.24
GGTGCA	1.046	0.944	0.918
CATAAA	0.87	0.965	0.958
AGGTAC	1.081	1.052	1.173
TGGTGG	0.966	1.015	0.948
TTATCT	0.732	0.789	0.798
ACAGGG	1.011	0.937	0.87
ATGACA	0.714	0.759	0.8
ATCATT	0.533	0.643	0.672
CGATTA	1.295	1.291	1.244
GTACAA	0.771	0.714	0.7
ACTCAT	0.726	0.726	0.702
CGGAGC	1.964	1.476	1.246
GACACA	0.984	0.846	0.841
GCCCAA	0.682	0.629	0.676
GAGCGG	1.445	1.204	0.95
AGGGGC	0.897	0.958	0.956
ACGTTG	1.023	0.94	0.987
TCGTCG	1.214	0.906	0.8
CAGGAA	1.004	0.877	0.874
TTAGTC	0.59	0.739	0.736
GAGCGA	1.639	1.636	1.806
CTGACG	1.524	1.355	1.37
TATACT	0.704	0.837	0.845
GTAGCT	0.909	0.771	0.758
TCTCAG	0.892	0.761	0.77
TCGTGC	1.243	1.057	0.974
AACTCC	0.762	0.822	0.858
AGGATG	0.79	0.997	1.136
GTCGGC	0.925	0.897	0.874
ATGTTA	0.508	0.722	0.732
TATTTT	0.669	0.831	0.851
CCCCGG	2.458	1.337	1.732
GCCAAC	0.886	0.819	0.878
CTCTAT	0.898	0.944	0.915
GGACTC	1.59	1.086	1.063
TCCCCA	0.79	0.788	0.871
TTAATA	0.73	0.856	0.818
GAACGC	1.205	0.848	0.831
TTTTGG	0.82	1.023	0.965
TTAGGG	0.912	0.952	0.831
AGATAT	0.785	0.886	0.878
TTAGTT	0.53	0.708	0.723
ATCTCC	0.661	0.733	0.796
GTGTTA	0.835	0.806	0.811
CAACGC	1.132	0.903	0.853
AATCAG	0.796	0.788	0.711
GGCGGG	1.111	1.076	0.978
CTGGAT	0.92	0.872	0.893
TTGACA	0.932	0.837	0.867
CGTATC	0.763	0.905	0.927
TGGGAA	0.829	0.856	0.814
ATCATC	0.57	0.707	0.692
GCCGTC	0.774	0.756	0.811
ACTAGC	0.77	0.694	0.732
GTAGGT	0.768	0.764	0.709
AGGGAG	0.724	0.713	0.648
GAGGTG	1.086	0.862	0.838
ATTATT	0.524	0.692	0.693
TATGTG	0.898	0.922	0.916
TCACCA	0.942	0.842	0.83
CAATCT	0.8	0.77	0.733
TGTCCC	1.207	1.018	0.926
AAGCTA	0.793	0.857	0.821
CATGTA	0.886	0.809	0.856
TTCTCT	0.725	0.778	0.824
ACGCGG	1.726	1.001	0.97
TGTCGG	1.808	1.015	1.084
AAGTGT	0.687	0.762	0.734
GACTCA	0.927	0.783	0.778
AGAACA	0.832	0.804	0.831
AAACCC	1.112	1.107	1.114
GTAGCG	1.101	1.362	1.164
TATGGT	0.797	0.907	0.944
AATTAC	0.851	1.007	1.101
AAACAA	0.75	0.835	0.738
TCGGGC	1.105	0.983	0.876
TATAAC	0.665	0.844	0.861
ATAGAA	0.808	0.861	0.796
GCAAGC	0.936	0.745	0.775
CGCTGT	1.418	0.967	1.146
TTTAAA	0.822	0.92	0.816
AAGGCT	0.755	0.806	0.819
GTGAAA	1.028	1.052	0.968
ATACAC	0.795	0.922	0.878
AGCTAC	1.11	0.979	1.126
GCATCT	0.911	0.791	0.746
TCCAGA	0.873	0.854	0.892
CCTAAG	1.326	1.183	1.339
GCAAGT	0.922	0.774	0.804
GTGAGA	1.005	0.907	0.841
CCTATG	1.301	1.232	1.243
CTTTCA	0.847	0.847	0.818
CCCGTG	1.731	1.182	1.201
GCTTTG	0.844	0.803	0.832
CTGGAG	1.049	0.945	0.913
TGCAGG	1.34	1.113	1.162
CGCCCA	1.135	0.885	1.014
ACCGCA	0.834	0.689	0.763
CCGAGC	2.203	2.195	2.099
GTGGCC	1.009	0.796	0.837
GATTCG	1.036	0.985	0.89
TTACGA	1.019	1.266	1.331
CCTTGG	1.741	1.484	1.448
GGTTTG	0.903	0.86	0.936
CGACCA	2.143	1.66	1.434
TATGTA	0.771	0.871	0.827
CGAACC	1.384	1.266	1.215
ATTTTT	0.544	0.732	0.738
GTCGTA	0.652	0.651	0.674
ATTTCG	0.81	0.83	0.866
AGGTCG	1.228	1.061	1.178
AGCGAA	0.772	0.746	0.752
GTCGTC	0.651	0.719	0.755
TATGGG	0.938	0.977	0.986
CATCGC	1.396	0.954	0.955
AATGAT	0.788	0.856	0.867
ACGTAC	1.297	0.939	0.995
AGTTCA	0.888	0.861	0.849
TCGCCT	1.124	1.06	0.94
GCGTCA	0.979	0.966	0.85
CCTTGT	1.148	1.158	1.165
AAACCA	0.938	1.08	1.007
ATCGGT	0.689	0.85	0.864
CTCGCG	1.466	2.623	2.343
ATAATT	0.62	0.788	0.756
TATCCA	0.928	0.954	0.945
TACCAG	0.959	0.857	0.838
CACACG	0.975	0.841	0.76
GTTATT	0.599	0.699	0.718
TACCCA	0.996	0.858	0.922
ACCCTG	0.824	0.772	0.76
TCACTC	1.333	0.81	0.841
CTTTTG	0.851	0.862	0.876
GAGTGT	0.761	0.778	0.797
TATTAC	0.861	0.963	1.006
GCCAAA	0.882	0.872	0.86
CTGCCT	1.572	1.289	1.24
TCGAAG	0.938	0.895	0.853
TGCAGT	1.12	1.108	0.978
CCAGAC	1.432	1.22	1.217
AATTGT	0.691	0.929	0.843
TGGAAA	0.986	1.057	0.986
GGTCCA	1.103	1.146	1.184
TTGGTG	0.872	0.8	0.845
ACGGTA	1.146	0.932	0.854
GCTATG	0.829	0.864	0.87
GTATCC	0.907	0.81	0.808
GTAGGG	0.91	0.858	0.856
GTCTCC	0.696	0.749	0.732
ACGAGC	1.258	1.14	1.024
ATTGCC	0.618	0.744	0.76
ATACAT	0.799	0.921	0.873
ACGTAT	1.205	1.0	1.02
CAAGCG	1.058	0.907	0.866
TCCAGT	0.776	0.727	0.728
AGACGT	0.81	0.934	0.894
GCAATC	0.931	0.817	0.743
ACTCGA	1.071	1.448	1.311
CTCGAA	1.026	0.986	1.015
GACAAG	0.906	0.796	0.831
TCCGAT	0.765	0.766	0.799
ATTACC	0.549	0.688	0.725
GTAAAC	0.923	0.9	0.889
GATCTA	0.949	0.874	0.81
CAGTAT	0.935	0.91	0.961
CCCGGC	1.746	1.361	1.361
GTTACG	0.832	0.897	0.947
CGGAGA	1.361	1.414	1.532
TCTTCA	0.831	0.749	0.761
GAGTTC	0.956	0.849	0.947
CTCGAT	0.968	1.037	1.014
TCGCCC	1.482	1.087	0.971
GTGATG	0.996	0.907	0.991
TTTATC	0.667	0.754	0.747
GCATGG	0.954	0.888	0.832
GAAGGA	0.889	0.801	0.781
GGGCCG	2.0	2.219	2.172
CAACAG	0.991	0.729	0.691
CGAATT	1.158	1.201	1.314
GGTATT	0.84	0.858	0.904
TCAAAA	0.794	0.854	0.798
ACTCAC	0.835	0.816	0.771
AGCGGC	0.83	0.826	0.842
TATTTC	0.724	0.844	0.862
CCTACC	1.361	1.344	1.337
GGGAAA	1.055	1.038	0.94
ATCAGT	0.55	0.672	0.746
GGGTTG	0.976	0.916	0.958
ATTCTA	0.62	0.758	0.73
GTTATC	0.606	0.705	0.722
GTCACA	0.77	0.762	0.753
AGCCAT	0.64	0.707	0.851
CGCGGC	1.104	0.809	0.948
GGCAGA	1.178	0.996	1.018
TTGGCG	0.934	0.968	1.033
AAGTCC	0.812	0.896	0.896
ATAAGC	0.721	0.861	0.816
AATTTT	0.722	0.812	0.8
CAGGAC	1.022	0.803	0.807
CGAGTA	0.951	0.982	0.968
AGATTC	0.774	0.855	0.855
ATACCG	1.19	2.154	1.814
CGCAAT	1.011	0.976	0.906
GATTTG	0.903	0.889	0.876
ACTGCA	0.883	0.811	0.857
ACTTAC	0.934	0.885	0.866
CGGCAA	3.581	1.934	1.414
GTACGG	0.955	1.183	1.051
GCTGCT	0.878	0.84	0.897
CGCGTC	1.098	0.732	0.86
CGTAAG	0.754	0.972	0.93
CCTATT	1.142	1.128	1.119
GCCCAG	0.966	0.716	0.719
CCGATT	1.584	1.475	1.269
CCCCGA	3.812	2.041	2.294
AATCCG	1.394	1.476	1.384
CTTGAG	0.961	0.9	0.91
TCGCGT	1.132	0.99	0.922
TTATGT	0.621	0.812	0.82
CGCCTT	1.206	0.986	0.983
AGCAGT	0.678	0.764	0.818
GGACGA	1.74	1.427	1.495
GAAGCG	0.941	0.983	0.984
AGCTCC	0.839	0.758	0.777
AAGTAT	0.748	0.814	0.799
GTTTTG	0.663	0.767	0.825
GGCGGA	1.3	1.122	1.034
GTAGAT	0.831	0.757	0.747
CCGCCA	2.146	2.546	2.136
CTTATC	0.752	0.796	0.765
GTGCCC	1.406	1.064	1.122
TCTAGT	0.734	0.733	0.674
GCCGTA	0.837	0.677	0.782
TTCCAT	0.6	0.729	0.737
CCGTAC	1.688	2.235	2.126
AAATCC	0.838	0.932	0.908
ACGATG	1.065	0.942	0.958
ACAGCA	1.145	0.836	0.86
CTTCAG	1.038	0.871	0.926
TTGGAC	0.746	0.786	0.866
GACGAG	0.879	0.727	0.759
TTGCCG	1.503	1.843	1.862
ATTTTC	0.584	0.722	0.748
CCATTC	0.935	0.891	0.964
GCAACT	0.943	0.754	0.749
AATTTA	0.702	0.838	0.808
TTATTA	0.598	0.736	0.719
ATTATA	0.607	0.81	0.718
TTCGCC	0.722	0.881	0.867
ATTTCA	0.64	0.752	0.698
TGTCCT	1.101	1.131	1.189
TGGCGT	1.774	1.296	0.95
ATTGCT	0.598	0.726	0.768
TACCGG	1.144	1.16	0.887
AATCTT	0.848	0.861	0.808
CCAAGC	1.066	1.011	1.102
GAAAAT	0.794	0.82	0.837
CACCTG	1.256	0.907	1.039
TTCGTG	1.016	0.893	0.912
CTAGAA	0.838	0.758	0.798
CCGTCA	1.865	2.57	2.207
AAAGCG	0.914	1.06	0.94
GTACTG	1.35	1.229	1.176
ACACCA	1.029	0.838	0.815
CCTATA	1.401	1.333	1.211
GGGATC	0.895	0.866	0.893
GGACGT	1.19	0.992	0.991
ACCAAT	0.652	0.746	0.735
CACGCA	0.939	0.862	0.768
TTGGAA	0.761	0.784	0.813
CAAGTT	0.716	0.769	0.745
TACCGA	1.237	1.068	0.947
TCAATT	0.638	0.764	0.739
ATCCCG	0.949	1.331	1.199
TACACG	1.121	0.832	0.8
GATCTT	0.929	0.846	0.873
TTCTGC	0.919	0.832	0.97
TCTTAT	0.744	0.877	0.815
ACCTCG	0.941	0.803	0.859
CTTTTC	0.778	0.816	0.803
AGGGCA	0.79	0.832	0.788
CTGACT	1.198	1.123	1.034
TCAAGC	0.801	0.755	0.724
CGTGGT	0.849	0.857	0.926
CTTGCA	0.984	0.908	0.892
GGTCGA	1.998	1.442	1.618
AGTCGG	0.874	0.95	0.885
TATATG	0.701	0.877	0.895
TTCGGT	0.8	0.841	0.828
AATCAC	0.886	0.765	0.77
TCACGT	0.948	0.924	0.886
GGGGCG	1.216	1.266	1.031
AAGCAT	0.64	0.732	0.73
CGATCC	1.374	2.146	1.338
TGTTTA	0.818	0.918	0.837
AGGGTT	0.738	0.818	0.916
TTTTGC	0.954	0.972	1.011
CTGGTC	0.964	0.906	0.918
CGCATG	1.211	1.086	0.814
GTTCCA	0.84	0.836	0.871
GCTGGA	1.019	0.952	0.879
CTAGCC	0.827	0.814	0.733
GCCGAT	0.874	0.85	0.924
GTGACT	1.184	1.013	0.918
GTCCTA	0.818	0.862	0.905
GCTGAT	0.897	0.863	0.926
TGTAAC	0.796	0.961	0.982
GAGTGG	0.958	0.908	0.868
ATACGT	0.792	1.06	1.106
CTCACG	1.043	1.023	1.064
TCGTAT	1.004	0.91	0.846
TCAGAG	0.926	0.724	0.711
TCTACG	1.133	0.894	0.896
TTGCGC	1.278	1.134	1.166
AGGTTT	0.87	0.88	0.925
GGAGAA	1.049	0.908	0.969
GACATT	0.785	0.75	0.815
ATACCT	0.972	1.224	1.201
TACGTC	0.855	0.792	0.893
GAAGTA	0.83	0.709	0.739
AAGGGG	0.882	0.967	0.913
TCAATG	0.682	0.768	0.766
AAAGTT	0.703	0.847	0.833
TGCACT	1.008	0.753	0.88
CATCAC	0.806	0.681	0.713
GCTGAA	0.868	0.875	0.898
GCGCCG	1.692	3.241	2.827
GGCGCA	1.115	0.941	0.944
CTCGGT	1.124	0.988	0.973
TGCGTG	1.048	0.92	0.866
CAAAAG	0.709	0.745	0.729
CTGGCT	1.086	0.862	0.859
GTTCGG	0.844	1.283	1.31
TGTGGT	0.868	0.868	0.953
GCCCGT	0.7	0.711	0.787
CTTAAA	0.873	0.966	0.947
AGATCT	0.838	0.936	0.95
TACATA	0.92	0.898	0.929
TCCTCG	1.218	0.898	0.887
AGTGCT	0.672	0.814	0.851
CAGTAC	1.154	0.963	0.98
CTTTAC	0.949	0.857	0.901
TCACAG	1.161	0.844	0.729
AATCTC	1.028	0.869	0.879
GGATGG	1.334	1.218	1.073
GAAGAT	0.754	0.767	0.797
CAGTCT	0.978	0.903	0.86
ATGGTT	0.605	0.867	0.869
TGGCAC	1.579	1.146	0.979
CGTTTA	0.741	0.8	0.872
CGCGGA	1.324	0.878	1.219
ACGTCG	1.383	0.899	0.857
TCACTG	1.324	0.953	0.922
GGTGTT	0.883	0.883	0.938
AAAGCT	0.865	0.97	0.857
TCCTCC	0.929	0.868	0.826
TGTGCC	1.073	0.931	0.957
ATCGCA	0.774	0.725	0.754
TACTCT	0.924	0.95	1.044
TCTTGG	1.134	1.134	1.014
GTCATA	0.729	0.918	0.829
GGTGGG	1.138	0.994	1.004
ACTTTC	0.804	0.827	0.796
TTAAAC	0.613	0.738	0.713
TGTCAT	0.846	0.775	0.811
AACAAA	0.674	0.827	0.825
CAATAC	0.848	0.807	0.846
GACTTG	0.988	0.91	0.955
CCTTCA	1.307	1.172	1.127
GTACGT	0.879	0.883	0.786
CAGATA	1.103	0.99	0.93
TCGTCT	0.993	0.847	0.77
CCTCCG	2.175	2.452	2.5
CTTCGT	1.066	1.043	1.0
CCCGGT	1.442	1.297	1.486
GGATGT	1.064	1.045	1.016
TCTGGC	0.946	0.89	0.886
CTTAGA	0.851	0.932	0.892
ATCTCG	0.77	0.763	0.815
ACCAGT	0.698	0.664	0.703
GGCTGC	1.29	1.116	0.995
CATAGG	0.904	0.904	0.888
GGGCAC	1.281	0.892	0.88
TGGATC	0.922	0.97	1.037
CCGGCT	1.565	1.491	1.286
TACCAA	0.838	0.788	0.788
CTGCAT	1.039	0.987	0.896
GGTCTG	1.232	1.126	1.13
AGCAAC	0.655	0.724	0.842
GCCACG	1.212	0.876	0.87
CGAGGA	1.725	1.249	1.097
ATCCAT	0.499	0.669	0.696
GTATCT	0.874	0.786	0.814
CCGATC	1.321	1.4	1.035
GTGGCT	1.168	0.909	0.894
AACTTT	0.77	0.862	0.854
ATGGTA	0.685	0.753	0.887
AACGAT	0.778	0.794	0.826
GACTCT	0.892	0.822	0.858
CTCCCT	1.064	1.092	1.048
ATCTTC	0.626	0.742	0.799
GGGGTA	1.045	0.788	0.832
TTCGTT	0.679	0.784	0.839
GGGAAC	1.076	0.971	0.982
GCTGTC	0.842	0.815	0.897
TCGATC	0.906	0.816	0.74
GTTGGA	0.756	0.775	0.8
AGCGTG	0.835	0.757	0.85
CTAAGT	0.903	0.908	0.883
AAAAAC	0.792	0.935	0.871
GAGTCA	0.992	0.866	0.873
GAGAGA	0.918	0.817	0.794
GCAACC	0.845	0.714	0.722
TCCGGC	0.934	0.922	0.807
ACCTTC	0.807	0.783	0.796
CTCAGA	1.026	1.006	1.064
GCCGAG	1.026	0.792	0.908
TGGCTT	1.297	0.967	0.924
CGTACA	0.816	0.839	0.947
AGTGAT	0.685	0.784	0.861
AGTCAC	0.84	0.821	0.911
CGACGT	3.327	2.604	2.163
GCCTGT	0.887	0.828	0.806
TCTTTT	0.73	0.81	0.764
TTTAAG	0.668	0.833	0.772
ACAACG	1.084	0.804	0.778
CGAATA	3.422	2.994	2.209
TTCGAA	0.797	0.814	0.877
CGTTAT	0.97	0.928	1.039
CTTGGT	0.97	0.918	0.895
ACACAG	0.945	0.802	0.69
CAACTA	0.877	0.773	0.732
GGGGAC	0.87	0.842	0.732
GGTGAG	1.071	0.934	0.963
CGGCAC	4.68	3.006	2.322
GGCTAT	1.131	1.014	1.06
ACGGAC	1.309	0.922	0.981
GCATCA	0.941	0.747	0.728
TATCTG	1.002	1.06	0.958
TCGGTT	0.912	0.982	0.954
CTGCAA	1.003	0.855	0.803
TCCACT	0.774	0.725	0.724
CTGAAT	1.095	1.21	1.091
CCACAT	1.176	0.99	1.008
GTGATT	0.877	0.803	0.866
GTGAGT	0.895	0.793	0.874
ATACAA	0.743	0.891	0.835
AGGAGG	0.804	0.932	0.928
CGTTCA	0.842	0.93	0.842
GCATAT	0.93	0.792	0.788
TAAGGC	nan	10.39	8.691
TGCAAC	1.146	1.005	1.066
TATACC	0.724	0.895	0.82
TGTCGC	0.86	1.026	0.958
TCAACC	0.693	0.733	0.638
GCTAAT	0.742	0.781	0.83
AATAGC	0.806	0.807	0.811
CAGCGC	1.412	0.953	0.87
GTTTAC	0.774	0.808	0.872
AAACGT	0.883	1.09	0.99
TACCGC	1.174	1.024	0.972
GCCTAT	1.002	0.942	0.965
GAGAAG	0.788	0.723	0.716
CCATTT	0.922	0.941	0.928
GACGGC	1.195	0.906	0.937
CTACTT	1.034	0.98	0.975
ACCGAG	0.88	0.727	0.72
CCCGCG	1.906	1.777	1.634
CCCCAA	1.19	0.929	0.892
CACAAG	0.847	0.84	0.87
AATACG	0.912	0.892	0.832
GCGGGT	0.987	0.845	0.781
GGGGGT	0.78	0.792	0.798
TCGACA	1.205	0.844	0.77
GACAGC	0.875	0.71	0.814
AATCAA	0.706	0.739	0.725
ATGTAC	0.777	0.827	0.923
GTCATT	0.6	0.674	0.711
AGTCGT	0.814	0.995	1.002
GTCCCG	1.478	1.971	1.717
ACTAAC	0.749	0.789	0.773
TCTCTC	1.102	0.93	0.908
CGCGTG	0.76	0.805	0.855
AGCCGA	0.962	0.827	1.122
GGCGTG	1.084	0.84	0.876
GGGGCA	1.106	0.772	0.873
GAATCC	0.839	0.854	0.864
GTGAAT	0.99	0.906	0.917
GGGGGC	1.061	0.756	0.789
CTAGTT	0.722	0.766	0.779
AAAGGA	1.029	0.956	0.967
GTATTT	0.741	0.777	0.748
GTTCAG	0.689	0.671	0.74
CAACGT	0.9	0.775	0.744
CCCACA	1.592	1.068	1.195
CCAGGG	1.58	1.465	1.482
CCGTAT	1.55	2.29	1.906
CGCGTT	0.831	0.858	0.825
GGCACA	1.413	1.076	0.99
GCGGCG	1.067	2.032	1.425
CGTCGC	1.224	0.992	0.986
CAACCG	1.425	1.705	1.612
TTGAGA	0.81	0.895	0.911
GATAAT	0.776	0.818	0.818
ACAGAT	1.019	0.843	0.83
CACCGG	0.856	0.91	0.96
CCAGGT	1.314	1.25	1.365
GTCCTC	0.992	0.904	0.919
ACCACC	0.638	0.657	0.672
ATCACT	0.545	0.657	0.717
AAGCTT	0.85	0.836	0.846
GTCTGT	0.638	0.751	0.805
GCAAAT	0.922	0.776	0.808
AAAACT	0.776	0.907	0.864
CTACCC	1.248	1.095	1.099
CCATGT	0.958	1.134	1.023
TCTACC	0.732	0.73	0.745
TTATTG	0.683	0.816	0.832
GGCACC	1.152	0.947	0.915
ACTGGT	0.762	0.811	0.808
TATCCC	1.005	0.92	0.992
CCGGCG	1.835	2.526	2.102
GGGACC	1.336	1.052	1.104
GGTAAC	0.873	0.861	0.896
AAGGTA	0.686	0.724	0.714
AGAAAG	0.735	0.826	0.833
CCGAAC	1.868	2.077	1.848
CCGGAC	1.699	1.34	1.464
CACAGA	0.945	0.909	0.877
CGTTGC	1.212	1.028	1.118
CTGTTA	0.926	0.88	0.832
TGGATG	0.932	0.998	0.987
TTTATG	0.745	0.873	0.885
GATCGC	1.301	0.989	0.981
CACACA	0.869	0.768	0.745
GTTGAC	0.722	0.751	0.826
GGATCG	1.617	1.262	1.211
CGGTCA	1.338	1.146	1.222
CGGCTA	2.54	1.4	1.506
AAACTA	0.834	0.9	0.894
CTAGGT	0.865	0.86	0.855
GACCGG	1.192	0.983	0.925
CCGGCC	1.235	1.181	1.076
TCGGGG	0.93	1.029	0.936
CTTTGT	0.725	0.768	0.822
AGCACG	0.846	0.722	0.901
AATGAA	0.8	0.923	0.953
GCCAGA	0.913	0.789	0.849
AAACCT	1.038	1.296	1.223
GTTCAT	0.653	0.724	0.74
TACGGT	0.889	0.87	0.911
CATGAG	0.966	0.93	0.926
GTGAAC	1.05	0.926	0.895
ACCACG	0.916	0.829	0.768
TACCAT	0.819	0.769	0.797
GAAATT	0.73	0.833	0.859
ATCACC	0.511	0.662	0.67
GCCCGG	0.778	0.848	0.92
CGGACG	1.99	1.427	1.614
GCGCTT	1.099	0.764	0.842
TCACAA	0.967	0.751	0.693
CGCCAT	0.942	0.864	0.78
GCTTCC	0.862	0.79	0.813
GTGATC	0.985	0.872	0.927
GCAATG	0.854	0.796	0.834
TTATAC	0.812	0.864	0.88
ATAACG	0.765	0.966	0.862
AGCTGC	1.09	0.883	0.928
CAGCGA	2.135	1.559	1.458
TGTGCA	0.934	0.754	0.82
CTATCC	0.86	0.752	0.82
TTTTGT	0.647	0.904	0.886
GACATG	0.747	0.763	0.77
GAGTAC	1.053	0.883	0.962
ATTCGC	0.875	1.096	1.091
TGTATT	0.737	0.914	0.923
CGCTAC	1.522	1.138	1.03
CCCTTG	1.459	1.229	1.272
CCTGGC	1.562	1.688	1.667
CATTGC	0.92	0.826	0.698
GGCCCC	1.393	1.096	1.169
TCTGTC	0.755	0.787	0.81
ATCTCT	0.588	0.705	0.772
AGCCTA	0.96	0.879	1.133
TACAAC	0.801	0.876	0.911
CGATGT	2.062	2.034	2.294
GGATCT	1.14	0.941	0.948
ACTACC	0.7	0.738	0.708
GTCACT	0.716	0.771	0.796
AGCTCT	0.776	0.734	0.778
GACCCT	1.292	1.023	1.108
CTCCGC	0.985	1.171	1.035
GAAAAC	0.823	0.862	0.854
TGTGTA	0.861	0.883	0.865
CCGCTC	1.826	1.391	1.3
CGCTTG	1.446	0.951	0.911
GACTTT	0.789	0.85	0.864
GAAGTC	0.813	0.869	0.948
CCTCCA	1.514	1.424	1.498
CAGCCC	1.468	0.951	0.936
GGTCCG	1.442	2.044	1.735
GATGCA	0.867	0.786	0.847
ATACTG	0.95	1.098	0.993
ACTTTT	0.744	0.796	0.786
CGTGTC	0.835	0.879	0.911
GAGCTC	1.166	0.911	0.831
TTACCG	1.283	1.765	1.597
CCGGGC	1.567	1.562	1.378
TACAAA	0.793	0.91	0.89
TCCTGG	1.4	1.27	1.175
