0.61964
0.61223
0.61916
0.61175
0.56347
0.59310
0.62176
0.47934
0.63135
0.62802
0.61905
0.63163
0.59807
0.60860
0.62602
0.49497
0.61524
0.58591
0.45511
0.60203
0.58682
0.63377
0.59135
0.62124
0.62845
0.62860
0.59809
0.62661
0.62554
0.63582
0.63331
0.48860
0.58688
0.57458
0.62675
0.57118
0.43818
0.59770
0.46219
0.61087
0.62087
0.62472
0.61205
0.60228
0.64061
0.58328
0.62586
0.59637
0.63600
0.62143
0.64039
0.45090
0.64071
0.63949
0.59471
0.63947
0.61157
0.59778
0.63898
0.57220
0.62634
0.63481
0.62800
0.62297
0.61150
0.61632
0.62748
0.59864
0.63321
0.58506
0.36611
0.61824
0.47067
0.58785
0.61784
0.60774
0.55011
0.63138
0.57899
0.64609
0.48073
0.61162
0.47457
0.32556
0.49302
0.58664
0.63378
0.43335
0.59622
0.64580
0.60335
0.59851
0.64441
0.47905
0.61021
0.63774
0.63084
0.61290
0.63267
0.58786
0.61861
0.60811
0.59204
0.61901
0.51868
0.61730
0.52760
0.61395
0.63423
0.62802
0.59880
0.62487
0.58742
0.58263
0.61628
0.63109
0.60395
0.47732
0.62224
0.61776
0.62471
0.59318
0.47570
0.61626
0.59517
0.61186
0.55187
0.63405
0.29898
0.59739
0.61823
0.60413
0.59789
0.28020
0.61540
0.64627
0.59491
0.62417
0.58522
0.62417
0.61904
0.59453
0.62425
0.64344
0.50094
0.50392
0.61664
0.58964
0.37527
0.61986
0.63295
0.44561
0.46594
0.60063
0.59627
0.63306
0.44532
0.63355
0.59709
0.60996
0.63038
0.61945
0.61192
0.61066
0.62348
0.59416
0.59882
0.58708
0.58296
0.57329
0.61990
0.58529
0.63117
0.62730
0.62007
0.64576
0.61259
0.60974
0.63714
0.58189
0.48810
0.60156
0.61598
0.60001
0.62540
0.50219
0.58840
0.43796
0.59856
0.60455
0.62529
0.63902
0.47581
0.61073
0.46752
0.62047
0.59586
0.64593
0.60302
0.62941
