AA	AC	AG	AT	CA	CC	CG	CT	GA	GC	GG	GT	TA	TC	TG	TT
2.60894	5.14659	0.17805	0.70546	-1.08253	-1.55226	-1.06992	-0.79114	-0.63035	-2.55503	-3.94936	2.43413	-0.23155	-0.12678	-0.51781	0.39919
1.49631	-0.9034	-3.75477	-2.68942	-0.48723	-1.89651	-1.03915	-1.28778	-0.45404	-2.34732	-4.01048	2.38469	-1.00278	-1.5199	-1.52097	0.52299
-0.11598	-1.2696	-4.10138	-2.93667	-1.34966	-2.77432	-1.47935	-0.67542	3.13526	-0.42721	-2.70597	-0.38634	-0.98168	-1.4194	-1.58158	0.00587
-1.89167	6.94543	-2.83825	-3.45602	-2.36548	0.33837	-2.42099	-0.74078	-2.01838	-3.54634	-3.59699	1.61594	-6.2156	-0.21245	-5.99284	0.70895
0.77743	1.41445	-0.00924	-0.71216	-1.78739	0.2413	-1.85129	3.59994	1.67649	-0.81485	-0.88348	3.55535	-2.60313	2.84699	-2.39445	3.46349
-1.07774	1.92452	-3.45421	-2.99264	0.4049	-0.06882	0.45037	3.27012	3.39312	-2.2677	-3.81513	0.75766	-1.51516	-1.12703	-1.68431	-0.44283
-2.30034	0.32118	-2.92644	-3.79751	-0.51266	1.91632	-0.57739	5.38322	0.91158	-0.72076	-0.80887	1.31418	-4.49361	-0.48974	-4.23573	4.60857
1.36114	3.09391	0.56677	-0.18465	-1.73368	1.67399	-1.79216	0.71549	2.63509	-0.52486	-0.58791	1.48543	-2.45952	3.25375	-2.21513	6.13957
-1.88715	-1.97873	-2.40048	-3.31158	-4.52465	1.76465	-4.56376	1.90012	-0.37569	-1.42557	-1.51889	5.03275	-3.55253	0.76166	-3.3912	2.58104
-1.76103	-2.59718	-2.61074	-3.70559	-6.25559	0.23392	-6.31773	-2.51751	-1.85006	-3.46172	-3.52402	1.70157	-3.00039	5.14125	-2.76934	1.58857
1.11308	2.1656	-5.03801	-4.42699	-3.0426	-3.7308	-3.17408	-1.74016	2.93007	-0.33372	-1.97694	2.19608	-0.34148	1.66569	-0.62715	-0.0953
-0.51019	-0.74813	-1.77585	-2.46386	-3.57964	-0.87283	-3.63789	-1.54899	0.40605	-1.35898	-1.49675	1.43436	-3.77668	2.78491	-3.51396	-0.23033
0.35964	0.43935	-5.04086	-4.78161	-2.47149	-2.9805	-2.61037	3.55425	0.18427	-5.17454	-6.44292	0.8332	-0.65605	-0.41891	-0.73137	3.51527
0.69707	4.763	0.15627	-0.70911	-2.24722	1.23501	-2.30402	0.57312	0.20917	-1.92775	-2.07998	2.36227	-5.2736	0.78352	-4.97566	0.30605
-1.77657	-1.8224	-2.77999	-3.62134	-1.6895	1.36305	-1.75097	0.48853	1.27031	-1.14059	-1.26092	2.64476	-4.57626	3.73261	-4.22454	0.25183
-2.39117	0.60546	-3.01242	-3.86149	-0.92484	2.48442	-0.95881	0.9146	1.8188	-1.43852	-1.6037	4.98996	-3.59441	0.77845	-3.33201	1.78835
0.79242	1.53042	0.42433	-0.54826	-1.66387	2.28466	-1.74217	0.5585	0.95293	-2.08616	-2.23191	3.14333	-2.98076	4.38105	-2.6603	2.03932
1.04125	3.40362	0.68375	-0.28176	-2.00777	0.99668	-2.05735	0.07006	4.29574	-1.28174	-1.45213	1.95095	-5.83706	0.25815	-5.55609	-0.29704
1.10769	3.39989	0.05989	-0.57605	-2.53327	3.23917	-2.60628	-1.23998	0.16473	-0.87076	-0.96294	1.12445	-3.77906	0.32351	-3.49479	3.54687
-1.03651	-0.2875	-2.31324	-2.81961	-0.70979	1.43384	-0.74557	1.11998	-2.28734	-3.77944	-3.84803	-2.24386	-1.19348	2.95548	-0.97049	3.88498
