0.68233
0.69027
0.68904
0.67368
0.68935
0.67889
0.67896
0.68411
0.67840
0.67965
0.69205
0.70340
0.69490
0.68890
0.69151
0.69857
0.68294
0.68550
0.66721
0.69978
0.73773
0.72603
0.70621
0.71599
0.71211
0.72274
0.72443
0.72322
0.71003
0.71191
0.72814
0.72284
0.71589
0.71598
0.72615
0.72410
0.71963
0.70875
0.71098
0.70754
0.70273
0.71318
0.71912
0.71267
0.72347
0.71321
0.70768
0.71428
0.71590
0.70617
0.71522
0.71674
0.71378
0.71067
0.71563
0.72396
0.71302
0.71580
0.72352
0.70858
0.71079
0.71668
0.70852
0.72279
0.72107
0.70652
0.71991
0.72539
0.72128
0.72238
0.71454
0.72017
0.72150
0.72292
0.71903
0.71527
0.71133
0.72356
0.71537
0.71387
0.69683
0.70168
0.69826
0.69301
0.70460
0.68671
0.68160
0.70220
0.69018
0.70346
0.69896
0.68892
0.68908
0.68769
0.70161
0.68904
0.70465
0.69970
0.69583
0.67706
0.51550
0.52028
0.52205
0.51569
0.52086
0.51539
0.53896
0.52305
0.52219
0.52632
0.52361
0.53548
0.52532
0.53233
0.51957
0.52012
0.52956
0.52680
0.52239
0.52140
0.69861
0.69886
0.69441
0.68123
0.68800
0.69778
0.68767
0.68943
0.70020
0.67995
0.69975
0.70105
0.70071
0.68915
0.69158
0.69841
0.69898
0.69629
0.69674
0.69963
0.69297
0.68097
0.70068
0.69055
0.68421
0.70048
0.67853
0.68172
0.68393
0.69351
0.68169
0.69007
0.67745
0.69804
0.69321
0.69531
0.69245
0.68882
0.69590
0.69700
0.61121
0.61478
0.60233
0.60346
0.60226
0.61635
0.59861
0.60610
0.60710
0.61068
0.60865
0.60484
0.61310
0.61507
0.60667
0.61429
0.61565
0.60260
0.60970
0.61002
0.67871
0.66565
0.68580
0.67958
0.68024
0.67528
0.68146
0.67499
0.67133
0.68128
0.67684
0.68079
0.68033
0.67957
0.67837
0.68063
0.68236
0.67744
0.68324
0.67450
