0.52445
0.64075
0.63095
0.68069
0.68060
0.65591
0.61938
0.61936
0.64006
0.65405
0.68495
0.66493
0.53304
0.66990
0.65217
0.67405
0.66680
0.68381
0.62339
0.67286
0.66944
0.62852
0.66238
0.62287
0.68681
0.49918
0.67609
0.68483
0.67197
0.68549
0.58157
0.68433
0.67512
0.66685
0.64771
0.67714
0.65841
0.59827
0.67695
0.67824
0.62516
0.63784
0.59144
0.63913
0.67714
0.68405
0.66532
0.67999
0.67307
0.62534
0.66550
0.69399
0.66466
0.66142
0.65487
0.66515
0.45740
0.67736
0.68541
0.64125
0.65414
0.66274
0.67842
0.57918
0.67444
0.69516
0.66749
0.66812
0.49714
0.64465
0.63350
0.65786
0.67832
0.65042
0.64975
0.54837
0.63292
0.66534
0.66456
0.65529
0.65901
0.65293
0.54400
0.56524
0.66649
0.58638
0.58734
0.67987
0.63334
0.65862
0.67887
0.64910
0.65871
0.55317
0.67506
0.65531
0.67667
0.58083
0.70112
0.47285
0.61620
0.67370
0.63915
0.67779
0.65658
0.68041
0.70071
0.66774
0.67783
0.68393
0.68534
0.65968
0.66925
0.66464
0.67342
0.55945
0.67256
0.67754
0.63729
0.67751
0.62831
0.69072
0.67101
0.66632
0.67222
0.68401
0.63428
0.67707
0.57882
0.62549
0.62496
0.69120
0.68924
0.68204
0.68453
0.63674
0.61346
0.50120
0.65183
0.67808
0.66133
0.68609
0.67416
0.45673
0.65802
0.67618
0.51667
0.58501
0.62682
0.68057
0.47769
0.60982
0.67507
0.65180
0.68145
0.67892
0.51771
0.66119
0.65785
0.67066
0.64375
0.62994
0.61301
0.62720
0.60912
0.65620
0.63026
0.68494
0.65990
0.67441
0.68212
0.47768
0.62456
0.67675
0.66794
0.58700
0.68107
0.67134
0.67124
0.67468
0.66710
0.67019
0.65192
0.58160
0.64758
0.66133
0.69316
0.66603
0.66312
0.65977
0.68158
0.57425
0.67550
0.61804
0.58921
0.65861
0.55283
0.66697
0.65883
0.67577
