0.64420
0.64269
0.64649
0.64893
0.64310
0.64886
0.64914
0.64471
0.64852
0.64527
0.64832
0.65078
0.64256
0.65086
0.65184
0.65293
0.64367
0.64971
0.63742
0.64667
0.67408
0.66123
0.66435
0.66677
0.66289
0.66585
0.65525
0.66741
0.66125
0.66163
0.66784
0.67058
0.66606
0.66569
0.66762
0.66590
0.66484
0.66663
0.64500
0.66469
0.67072
0.66217
0.66608
0.67053
0.66435
0.67115
0.67097
0.65471
0.67039
0.66550
0.66938
0.66970
0.66824
0.66771
0.67529
0.67548
0.67167
0.67391
0.67377
0.67554
0.68266
0.68263
0.67858
0.69032
0.68434
0.68424
0.68626
0.68531
0.68574
0.68302
0.68489
0.68049
0.68091
0.68718
0.68599
0.68412
0.67941
0.68640
0.68768
0.68885
0.65727
0.65615
0.65133
0.64942
0.65503
0.64626
0.64882
0.65743
0.66121
0.66061
0.65356
0.65408
0.65621
0.65655
0.66099
0.64995
0.65290
0.65670
0.65576
0.65587
0.47337
0.47784
0.47834
0.47757
0.47387
0.47832
0.48146
0.48534
0.47603
0.48180
0.47689
0.48759
0.47549
0.47975
0.47373
0.47583
0.48179
0.48132
0.47676
0.48299
0.64640
0.65442
0.64280
0.64238
0.64689
0.64041
0.64882
0.65344
0.64630
0.64126
0.64342
0.64415
0.65339
0.65315
0.64203
0.64870
0.65324
0.65302
0.65010
0.64388
0.64775
0.64320
0.65234
0.63704
0.64280
0.64465
0.63837
0.64228
0.63306
0.64624
0.64882
0.63834
0.63698
0.65586
0.63842
0.63480
0.63948
0.64513
0.64624
0.64035
0.58424
0.58157
0.57922
0.57699
0.57374
0.58543
0.58409
0.57905
0.57716
0.57879
0.57816
0.57702
0.58036
0.57601
0.57841
0.58383
0.58146
0.57926
0.58139
0.57661
0.64954
0.63725
0.64576
0.64458
0.63578
0.63698
0.64880
0.64008
0.64711
0.64579
0.64367
0.64146
0.64709
0.64449
0.64752
0.64316
0.64352
0.64709
0.63393
0.64710
