0.70867
0.69667
0.69883
0.70944
0.69230
0.69513
0.69147
0.69249
0.68379
0.69727
0.70475
0.70111
0.68477
0.69164
0.69005
0.70211
0.68584
0.70410
0.68292
0.69588
0.73984
0.72804
0.71768
0.70832
0.71974
0.71683
0.70777
0.72755
0.71601
0.71032
0.71505
0.72153
0.72452
0.72858
0.71320
0.73186
0.72506
0.72264
0.72565
0.71451
0.70045
0.70780
0.70770
0.70796
0.70997
0.70971
0.70663
0.70912
0.70749
0.70181
0.70632
0.70332
0.69468
0.70658
0.70954
0.70279
0.71038
0.70138
0.71157
0.70851
0.67911
0.68224
0.68446
0.69330
0.68023
0.69672
0.69289
0.69531
0.69505
0.69074
0.68630
0.69167
0.69324
0.69414
0.69140
0.68372
0.68998
0.68767
0.69607
0.68565
0.66463
0.68092
0.68269
0.67426
0.68784
0.68147
0.66164
0.68860
0.67992
0.68527
0.67735
0.66780
0.69759
0.68569
0.68741
0.69396
0.69211
0.67008
0.68322
0.68100
0.56302
0.56699
0.57369
0.57234
0.57248
0.57077
0.56662
0.56580
0.57124
0.57599
0.57436
0.57793
0.56616
0.57090
0.56931
0.57556
0.57461
0.56566
0.55689
0.56967
0.65800
0.66192
0.65780
0.63772
0.66504
0.65815
0.66404
0.66036
0.64828
0.65748
0.66406
0.65898
0.66020
0.66297
0.66041
0.65855
0.66079
0.66571
0.66307
0.66203
0.70562
0.68985
0.70348
0.70195
0.69190
0.70255
0.70475
0.70837
0.69893
0.70757
0.69468
0.69338
0.69813
0.69904
0.68892
0.71070
0.70032
0.70393
0.70141
0.69713
0.58459
0.59687
0.60150
0.60102
0.58735
0.60208
0.59410
0.59631
0.59805
0.60436
0.58741
0.60934
0.58918
0.59459
0.59232
0.61134
0.60271
0.60080
0.59491
0.57800
0.67278
0.65703
0.67031
0.67099
0.67093
0.65893
0.67170
0.66288
0.67068
0.67697
0.66829
0.67269
0.67545
0.66965
0.66998
0.67470
0.66647
0.67165
0.66926
0.66238
