AA	AC	AG	AT	CA	CC	CG	CT	GA	GC	GG	GT	TA	TC	TG	TT
-0.95988	1.54053	0.20182	-1.47871	-5.12154	0.88277	-5.22244	1.16065	-3.8284	-3.77125	5.607	0.97501	-4.7768	3.08895	-4.56494	-0.99086
-3.00099	3.23912	-2.05875	-3.68651	-3.93201	3.90838	-4.07827	4.19344	-0.98497	-0.90752	3.40331	3.17529	-4.95593	1.16024	-4.66912	-1.1337
0.0055	1.20095	5.34339	-0.42466	-3.26502	4.47851	-3.37166	3.75113	-4.61831	-4.47047	-0.72577	-0.69273	-2.5326	5.45097	-2.28931	1.73839
-1.36695	-0.36007	-0.59659	-2.21958	-3.5923	3.85394	-3.68662	2.08457	-3.2285	-3.11826	1.47744	1.56395	-4.493	1.57811	-4.22432	-0.76247
-1.73622	1.5733	-0.67902	-2.17851	-7.95712	0.38581	-8.07785	-1.74176	-2.98794	-2.84011	1.15531	2.90828	-3.20733	-0.75197	-2.96577	0.56023
-2.98427	-0.96248	-2.56379	-3.9922	-3.71013	1.32799	-3.8513	2.99521	-0.56458	-0.49429	4.15152	2.94444	-4.398	3.23121	-4.07369	1.92367
1.47717	7.43051	0.91824	0.05416	-3.25173	6.23391	-3.36601	3.61568	-2.33916	-2.31643	3.99153	4.15503	-5.76702	2.00661	-5.46141	1.74057
-1.79707	0.20122	-0.2833	-2.17032	-3.58388	1.46276	-3.72253	1.74818	-3.35071	-3.2617	1.73129	0.57443	-4.29165	-1.69005	-4.07724	0.44956
-2.15636	3.50586	-1.98246	-2.82908	-3.64787	1.22144	-3.77586	1.9159	-4.12169	-4.06521	2.59413	1.00067	-1.85377	1.47755	-1.61094	1.57428
-1.28096	0.45241	-1.32072	-2.28743	-2.41688	3.1392	-2.52119	1.08146	-4.89469	-4.79406	0.22109	3.77053	-2.30641	3.70508	-2.0027	2.35536
-0.44985	1.19239	0.8711	-1.1905	-2.48657	1.35232	-2.68995	2.54646	-3.47863	-3.40195	1.62536	1.47858	-1.89997	4.1015	-1.60618	1.77387
-2.98011	-1.94594	1.72477	-3.45938	-5.31492	-0.05374	-5.43155	1.387	-0.41918	-0.18953	3.46365	2.83563	-0.96071	2.56496	-0.71888	3.21731
-3.26936	1.55135	-2.90778	-4.14968	-2.59416	0.89348	-2.72259	1.82227	-2.28033	-2.21004	1.66172	2.08725	-1.99383	1.37774	-1.70391	4.23909
1.42974	6.34349	2.23415	0.78897	-1.88547	7.66801	-2.05981	1.70552	-1.65248	-1.56399	5.70042	2.20459	-1.5164	3.32102	-1.28224	3.07646
-1.11784	1.76575	-0.71389	-1.75115	-3.50859	2.87265	-3.63044	-1.23952	-3.97537	-3.86573	0.4978	-1.1719	-2.47355	1.45756	-2.25078	2.08249
-0.12043	0.06212	6.1331	-0.95418	-2.0585	2.33368	-2.13661	1.10678	-2.2885	-2.22347	1.37438	0.31993	-3.5345	1.20476	-3.36601	2.77215
-3.10946	-2.73443	-3.13764	-4.33283	-2.89817	3.02212	-2.994	1.08004	-2.94669	-2.85486	1.64269	-0.09281	-4.19276	1.79168	-3.94535	1.91433
-2.92533	5.32162	-1.38623	-3.35797	-1.68054	4.39626	-1.83022	5.1154	-2.51184	-2.4058	1.5068	0.09551	-1.52573	1.45092	-1.2088	2.77329
-3.75086	3.56851	-3.12252	-4.47461	-0.35947	3.43551	-0.52964	2.75722	-2.68401	-2.66352	2.97088	0.65917	-6.50015	6.60234	-6.19898	-1.75622
0.17822	1.66921	1.18815	-0.38275	-6.21803	0.84376	-6.30077	-0.80852	-2.38453	-2.1225	4.25917	2.77742	-4.46197	-1.96798	-4.19482	0.11791
