0.74889
0.73883
0.74217
0.73747
0.72954
0.73797
0.73388
0.72369
0.72979
0.72396
0.74687
0.73571
0.74573
0.73493
0.72132
0.75574
0.72873
0.72945
0.74181
0.73755
0.78837
0.77973
0.76268
0.77800
0.77329
0.77824
0.77118
0.77319
0.75114
0.76490
0.75724
0.77084
0.76252
0.77093
0.78148
0.76887
0.78077
0.75352
0.76769
0.75802
0.75567
0.75027
0.75325
0.74146
0.74012
0.76107
0.74265
0.74514
0.74725
0.74836
0.75868
0.75047
0.74442
0.75232
0.74961
0.74722
0.75683
0.74898
0.76141
0.74531
0.74773
0.73297
0.74089
0.73549
0.73421
0.75044
0.72907
0.75049
0.74634
0.74528
0.73794
0.74020
0.74326
0.73186
0.74249
0.74902
0.72431
0.74077
0.73446
0.74031
0.73194
0.74136
0.74954
0.73747
0.74558
0.72686
0.73344
0.74317
0.74298
0.73719
0.73633
0.74751
0.73104
0.74099
0.74649
0.74272
0.73332
0.75016
0.74386
0.73709
0.61324
0.63280
0.64714
0.62083
0.62141
0.62821
0.62441
0.62944
0.61343
0.61772
0.63458
0.63703
0.62309
0.63324
0.61697
0.63768
0.61737
0.63414
0.64027
0.62982
0.70934
0.71185
0.70879
0.70861
0.71213
0.70894
0.71355
0.70956
0.71501
0.70633
0.70971
0.71454
0.71099
0.71518
0.70933
0.70947
0.70721
0.71312
0.71329
0.70606
0.74339
0.74518
0.75258
0.74348
0.74187
0.74618
0.75124
0.74741
0.73310
0.75257
0.74419
0.74453
0.76012
0.75246
0.74306
0.74900
0.74296
0.74339
0.73911
0.74576
0.66515
0.67537
0.64862
0.65918
0.64422
0.63808
0.65335
0.65251
0.68804
0.65743
0.63461
0.65414
0.63976
0.65564
0.67720
0.65318
0.64973
0.66096
0.64783
0.66447
0.71648
0.71725
0.71254
0.71618
0.70602
0.70704
0.72501
0.71655
0.71528
0.71776
0.70826
0.71244
0.72510
0.71458
0.72082
0.71712
0.71729
0.71474
0.71818
0.70666
