0.75285
0.73908
0.75290
0.74428
0.74732
0.74208
0.73465
0.75427
0.74433
0.73806
0.75451
0.74552
0.74638
0.74701
0.74519
0.74671
0.74941
0.74857
0.74338
0.74493
0.79457
0.77625
0.77772
0.78197
0.77340
0.78321
0.77097
0.78295
0.77480
0.77999
0.78608
0.78613
0.78422
0.77584
0.78388
0.77717
0.76758
0.77889
0.77624
0.78132
0.81786
0.81890
0.81159
0.81673
0.81638
0.81654
0.81459
0.80729
0.81172
0.80639
0.81818
0.80873
0.81682
0.80930
0.81860
0.81657
0.82047
0.81939
0.81700
0.81689
0.80360
0.80861
0.80631
0.81194
0.81098
0.80353
0.80492
0.80994
0.80972
0.80684
0.80897
0.81078
0.81601
0.81048
0.81150
0.80203
0.80325
0.80832
0.81169
0.81102
0.79412
0.80412
0.80410
0.80352
0.80793
0.80107
0.79470
0.80554
0.80030
0.80410
0.80827
0.80357
0.79985
0.80328
0.80775
0.80437
0.80628
0.80309
0.80164
0.80479
0.65474
0.65127
0.65665
0.65967
0.64928
0.66110
0.65564
0.65910
0.65885
0.66396
0.66321
0.66601
0.65667
0.66309
0.65847
0.65244
0.65828
0.65824
0.65632
0.65505
0.82305
0.82554
0.82208
0.82420
0.82757
0.81641
0.82998
0.82362
0.82616
0.81643
0.81513
0.82833
0.82559
0.82851
0.81564
0.82201
0.82928
0.82587
0.82518
0.82790
0.77360
0.77089
0.78066
0.75940
0.76337
0.76230
0.76774
0.76375
0.77317
0.76580
0.76664
0.76691
0.77760
0.77352
0.76599
0.76802
0.77017
0.77422
0.77893
0.77017
0.75041
0.74591
0.74205
0.74248
0.73979
0.74646
0.74495
0.74474
0.73857
0.74117
0.74138
0.74647
0.74037
0.74111
0.74236
0.74522
0.73912
0.74222
0.74363
0.74786
0.79028
0.78891
0.78911
0.78925
0.78558
0.78749
0.79140
0.78557
0.78670
0.78743
0.78676
0.78817
0.79007
0.79132
0.79066
0.78687
0.78734
0.79173
0.78843
0.79087
