0.46287
0.46735
0.58258
0.51401
0.23392
0.45969
0.51985
0.53739
0.48288
0.51281
0.35952
0.46764
0.34267
0.44286
0.43947
0.38751
0.42568
0.45550
0.58647
0.56274
0.53034
0.46249
0.55497
0.41869
0.35611
0.49545
0.47207
0.52740
0.45959
0.48047
0.47101
0.48437
0.58980
0.56159
0.50939
0.48794
0.37545
0.57096
0.48038
0.59967
0.53673
0.45398
0.37326
0.47578
0.49372
0.54636
0.58494
0.44746
0.58323
0.52612
0.39678
0.52616
0.49406
0.52730
0.57595
0.47358
0.58383
0.57691
0.42113
0.43037
0.57470
0.61389
0.60982
0.34117
0.57285
0.54025
0.52180
0.56512
0.56092
0.53162
0.37824
0.43434
0.56050
0.56097
0.43918
0.59754
0.50720
0.39032
0.43694
0.61210
0.48695
0.49823
0.58632
0.47742
0.60380
0.47994
0.49689
0.42331
0.52582
0.46302
0.43439
0.40920
0.43835
0.46862
0.44416
0.61841
0.36135
0.39890
0.45551
0.38893
0.42077
0.40820
0.51111
0.58560
0.40363
0.50471
0.47548
0.57408
0.50425
0.51452
0.57367
0.41985
0.55729
0.38811
0.56008
0.60417
0.45099
0.50194
0.55104
0.36520
0.58476
0.59418
0.55719
0.53372
0.42845
0.46380
0.45161
0.50608
0.42117
0.52987
0.61217
0.58188
0.57175
0.47024
0.55898
0.36205
0.43304
0.46923
0.50771
0.52934
0.43521
0.60915
0.45907
0.48978
0.55684
0.41520
0.46434
0.47321
0.34894
0.58155
0.32834
0.43435
0.60785
0.53508
0.32846
0.50863
0.42119
0.55552
0.54908
0.54590
0.53863
0.58086
0.51160
0.47288
0.42654
0.52678
0.57809
0.37772
0.58976
0.44310
0.46917
0.53062
0.43769
0.50016
0.56091
0.45666
0.58996
0.42403
0.53670
0.46780
0.57485
0.53145
0.55860
0.45779
0.51716
0.52481
0.52883
0.41846
0.60143
0.45279
0.58906
0.50068
0.48753
0.52347
0.55464
0.62145
0.51014
0.45856
0.50945
0.56973
