	Becskei	Coller	Gresham	Young	Weis	Cramer
AAA	-0.3354	-0.1485	-0.02453	-0.02007	-0.1244	-0.1662
AAC	0.04829	0.06772	-0.01603	-0.008626	0.1296	-0.04229
AAG	0.5617	0.1029	0.223	-0.101	0.1164	0.09481
AAT	-0.4449	-0.1284	-0.2083	0.08348	-0.09009	-0.26
ACA	-0.4131	-0.1423	-0.2063	0.02349	0.03516	-0.1371
ACC	0.1943	0.1267	0.005325	0.000207	0.1457	0.1385
ACG	-0.3873	-0.1551	-0.1711	0.04318	-0.004385	-0.1436
ACT	0.1947	0.1434	-0.01878	0.01045	0.05535	0.1164
AGA	0.1538	0.0419	0.1897	-0.07397	0.1533	-0.0487
AGC	-0.342	-0.1485	-0.1612	0.05098	0.04182	-0.1501
AGG	-0.4763	-0.1926	-0.129	0.03369	-0.067	-0.1908
AGT	-0.2831	-0.1551	-0.1695	0.04525	-0.06581	-0.1396
ATA	-0.5044	-0.2562	-0.1151	0.06978	-0.07141	-0.3116
ATC	0.3499	0.1121	0.09195	-0.03371	0.06114	0.1532
ATG	-0.1942	-0.06376	0.0197	0.01438	0.01802	-0.01306
ATT	0.08779	0.04863	0.07296	-0.001627	-0.1575	0.1026
CAA	-0.05886	0.07218	0.008241	-0.02832	0.08667	-0.0336
CAC	0.2284	0.06833	0.06492	0.00418	0.1741	0.0485
CAG	-0.4551	-0.1305	-0.1153	0.01832	0.03281	-0.1055
CAT	-0.23	-0.08582	-0.08393	0.03144	-0.02459	-0.0622
CCA	0.5355	0.1561	0.05161	-0.02788	0.1069	0.08691
CCC	-0.2861	-0.08799	-0.16	0.07815	0.06052	-0.05089
CCG	-0.3242	-0.1803	-0.1663	0.0309	0.0851	-0.1687
CCT	-0.3082	0.000626	-0.1245	0.0505	0.02923	0.02793
CGA	-0.3799	-0.1966	-0.09717	0.04816	0.03732	-0.2064
CGC	-0.2395	-0.1016	-0.07809	-2.19E-05	0.1047	-0.02141
CGG	-0.2779	-0.1272	-0.07727	0.02768	0.101	-0.1141
CGT	0.3809	0.07926	0.1317	-0.03961	0.07889	0.1042
CTA	-0.2328	-0.1286	-0.0291	0.02846	-0.05516	-0.08163
CTC	-0.2508	-0.1362	-0.05574	0.02808	0.06952	-0.08644
CTG	-0.4382	-0.1641	-0.1084	0.01367	0.008816	-0.08755
CTT	-0.5454	-0.1282	-0.06929	0.05082	-0.05579	-0.07943
GAA	0.162	0.09142	0.06644	-0.06154	-0.1133	-0.008333
GAC	0.1804	0.06078	-0.0287	-0.03771	0.0124	0.07582
GAG	-0.3744	-0.1188	-0.1105	-0.01508	-0.1085	-0.05956
GAT	-0.1413	-0.05355	-0.1046	0.000442	-0.2116	-0.07736
GCA	-0.1873	-0.08455	-0.1171	0.01353	-0.08976	0.01776
GCC	0.4497	0.176	0.1263	-0.03799	0.08507	0.2491
GCG	-0.1989	-0.1016	-0.1098	-0.002919	-0.04624	0.0121
GCT	0.6016	0.2489	0.2353	-0.06082	0.1563	0.2503
GGA	-0.2199	-0.1232	-0.103	0.03607	-0.0631	-0.011
GGC	-0.1052	-0.01154	-0.02925	-0.008905	-0.000294	0.1406
GGG	-0.1918	-0.09315	-0.07873	0.008439	-0.09578	0.03019
GGT	0.6229	0.2134	0.218	-0.09369	0.06668	0.3136
GTA	-0.3539	-0.1892	-0.08684	0.02497	-0.04266	-0.1008
GTC	0.6415	0.1995	0.2156	-0.06396	0.1071	0.2523
GTG	-0.3091	-0.09528	-0.04572	0.006284	-0.08866	0.05564
GTT	0.4057	0.1911	0.23	-0.06258	0.01938	0.2176
TAC	0.0613	0.09978	0.1261	-0.002716	0.09591	0.1589
TAT	-0.2541	-0.08729	-0.04594	0.06346	-0.0914	-0.02262
TCA	-0.3036	-0.1158	-0.1997	0.07781	0.003564	-0.1832
TCC	0.1331	0.1349	-0.02539	0.02043	0.1168	0.05852
TCG	-0.3498	-0.1259	-0.1856	0.04465	0.012	-0.1276
TCT	0.4306	0.142	-0.05455	0.04934	0.06218	0.04021
TGC	-0.3548	-0.08053	-0.01034	0.03094	0.001784	-0.05099
TGG	-0.08063	-0.02225	0.04908	0.02	-0.0398	0.09725
TGT	0.07964	-0.0324	0.03108	0.02258	-0.02576	0.01197
TTA	-0.1217	-0.03692	-0.004438	0.03787	-0.1562	-0.04909
TTC	0.3597	0.09424	0.1582	-0.02148	0.000888	0.1922
TTG	0.5918	0.1994	0.2166	-0.0527	-0.01962	0.1996
TTT	-0.3654	-0.07788	0.01663	0.08305	-0.1545	0.0049
